cfir = [ -0.00073242187500  -0.00091552734375   0.00393676757813 ...
          0.01202392578125   0.00631713867188  -0.02673339843750 ...
         -0.05920410156250  -0.02371215820313   0.11474609375000 ...
          0.28945922851563   0.37011718750000   0.28945922851563 ...
          0.11474609375000  -0.02371215820313  -0.05920410156250 ...
         -0.02673339843750   0.00631713867188   0.01202392578125 ...
          0.00393676757813  -0.00091552734375  -0.00073242187500];

pfir = [0.00073242187500   0.00213623046875  -0.00024414062500 ...
  -0.00253295898438  -0.00265502929688   0.00125122070313 ...
   0.00494384765625   0.00320434570313  -0.00338745117188 ...
   -0.00744628906250  -0.00314331054688   0.00601196289063 ...
  0.00991821289063   0.00292968750000  -0.00885009765625 ...
  -0.01293945312500  -0.00320434570313   0.01242065429688 ...
  0.01766967773438   0.00396728515625  -0.01818847656250 ... 
  -0.02548217773438  -0.00469970703125   0.02868652343750 ...
   0.03897094726563   0.00488281250000  -0.05087280273438 ...
  -0.06988525390625  -0.00463867187500   0.13491821289063 ...
   0.27758789062500   0.33779907226563   0.27758789062500 ...
   0.13491821289063  -0.00463867187500  -0.06988525390625 ...
  -0.05087280273438   0.00488281250000   0.03897094726563 ...
   0.02868652343750  -0.00469970703125  -0.02548217773438 ...
  -0.01818847656250   0.00396728515625   0.01766967773438 ...
   0.01242065429688  -0.00320434570313  -0.01293945312500 ...
  -0.00885009765625   0.00292968750000   0.00991821289063 ...
   0.00601196289063  -0.00314331054688  -0.00744628906250 ...
  -0.00338745117188   0.00320434570313   0.00494384765625 ...
   0.00125122070313  -0.00265502929688  -0.00253295898438 ...
  -0.00024414062500   0.00213623046875   0.00073242187500];

%   Copyright 1995-2002 The MathWorks, Inc.
%   $Revision: 1.3 $  $Date: 2002/04/14 21:08:48 $
