 
%   Copyright 1990-2002 The MathWorks, Inc.
%   $Revision: 1.16 $

T1 = 1/50;
T2 = 1/200;
T3 = 1/1000;
T4 = 1/2000;

offT1 =  1.0e-8;
offT2 =  0.0;
offT3 = 0.0009999900000000001;
offT4 = 0.00049998;
offZOH = 2.0e-8;

%***continuous transfers
gn1 = -15*[1,1.5];
gd1 = [1,6,13];

gn2 = [-0.1,9];
gd2 = [1,6,13];

gn1_gn2 = [gn1;gn2];

gn81 = 62.8*62.8;
gd81 = [1,94.25,62.8*62.8];

gn82 = 1;
gd82 = [.03,1];

gn91 = 200*200;
gd91 = [1,.25*200,200*200];

gn92 = 1;
gd92 = [1,0];

gn101 = 100*100;
gd101 = [1,.25*100,100*100];

gn102 = 1;
gd102 = [1,0];

%***sampled data transfers
gn3 = .2625*[1,-0.9048];
gd3 = [1,-1];

gn4 = 1.7*[1,-0.9608];
gd4 = [1,-0.6667];

gn5 = 1.035*[1,-0.9324];
gd5 = [1,-1];

gn6 = 0.1564*[1,1];
gd6 = [1,-0.6873];

gn7 = 0.0362*[1,1];
gd7 = [1,-0.9277];

gn111 = [1,-1];
gd111 = [1,0];

gn112 = 0.9942*[1,-1.6179,1];
gd112 = [1,-1.6084,.9883];

gn113 = 1;
gd113 = [1,-1];

gn12 = 1;
gd12 = [1,0];

gn131 = [1,-1];
gd131 = [T2,0];

gn132 = .9994*[1,-1.786,1];
gd132 = [1,-1.785,.9988];
