#VRML V2.0 utf8

#Created with V-Realm Builder v2.0
#Integrated Data Systems Inc.
#www.ids-net.com


Transform {
	children	[ 
	    Transform {
		    translation	0 -2 0
		    children	[ 
			Shape {
				appearance	Appearance {
					material	DEF Water Material {
						ambientIntensity	0.2
						diffuseColor	0.455442 0.882061 1
						shininess	0.2
						transparency	0
					}

				}

				geometry	DEF GRID ElevationGrid {
					color	NULL
					normal	NULL
					texCoord	NULL
					ccw	TRUE
					colorPerVertex	FALSE
					creaseAngle	1.44
					normalPerVertex	TRUE
					solid	TRUE
					xDimension	12
					xSpacing	1
					zDimension	12
					zSpacing	1
					height	[ 0, 0, 0, 0,
							  0, 0, 0, 0,
							  0, 0, 0, 0,
							  0, 0, 0, 0,
							  0, 0, 0, 0,
							  0, 0, 0, 0,
							  0, 0, 0, 0,
							  0, 0, 0, 0,
							  0, 0, 0, 0,
							  0, 0, 0, 0,
							  0, 0, 0, 0,
							  0, 0, 0, 0,
							  0, 0, 0, 0,
							  0, 0, 0, 0,
							  0, 0, 0, 0,
							  0, 0, 0, 0,
							  0, 0, 0, 0,
							  0, 0, 0, 0,
							  0, 0, 0, 0,
							  0, 0, 0, 0,
							  0, 0, 0, 0,
							  0, 0, 0, 0,
							  0, 0, 0, 0,
							  0, 0, 0, 0,
							  0, 0, 0, 0,
							  0, 0, 0, 0,
							  0, 0, 0, 0,
							  0, 0, 0, 0,
							  0, 0, 0, 0,
							  0, 0, 0, 0,
							  0, 0, 0, 0,
							  0, 0, 0, 0,
							  0, 0, 0, 0,
							  0, 0, 0, 0,
							  0, 0, 0, 0,
							  0, 0, 0, 0 ]
				}

			}

			DEF TOUCH TouchSensor {
			}

			DEF TIMER TimeSensor {
				cycleInterval	6
				loop	TRUE
				startTime	0
				stopTime	1
			}
		    ]

	    }

	    DEF WAVYSCRIPT Script {
		    url	"vrmlscript: 
                function initialize() {

                    xCenter = (12 * 1)/2; // xDimension * xSize
                    zCenter = (12 * 1)/2; // xDimension * xSize

                    for (i = 0; i < 12; i++)
                    {
                        for (j = 0; j < 12; j++)
                        {
                             dist[i*12+j] = Math.sqrt((5.5 - i)*(5.5 - i) + (5.5 - j)*(5.5 - j));
                        }
                    }
                }

                function fraction (value) {

                    for (i = 0; i < 12; i++)
                    {
                        for (j = 0; j < 12; j++)
                        {     // 5.5 * 1.414 / 2 = half max height = 3.535
                             height[i*12+j] = Math.sin((6.28*value)-dist[i*12+j]);
                        }
                    }
                }
"
		    directOutput	FALSE
		    mustEvaluate	FALSE
		    eventIn  SFFloat fraction
		    eventOut  MFFloat height
		    field  MFFloat 		    dist	[ 7.77817, 7.10634, 6.5192, 6.04152,
				      5.70088, 5.52268, 5.52268, 5.70088,
				      6.04152, 6.5192, 7.10634, 7.77817,
				      7.10634, 6.36396, 5.70088, 5.14782,
				      4.74342, 4.52769, 4.52769, 4.74342,
				      5.14782, 5.70088, 6.36396, 7.10634,
				      6.5192, 5.70088, 4.94975, 4.30116,
				      3.80789, 3.53553, 3.53553, 3.80789,
				      4.30116, 4.94975, 5.70088, 6.5192,
				      6.04152, 5.14782, 4.30116, 3.53553,
				      2.91548, 2.54951, 2.54951, 2.91548,
				      3.53553, 4.30116, 5.14782, 6.04152,
				      5.70088, 4.74342, 3.80789, 2.91548,
				      2.12132, 1.58114, 1.58114, 2.12132,
				      2.91548, 3.80789, 4.74342, 5.70088,
				      5.52268, 4.52769, 3.53553, 2.54951,
				      1.58114, 0.707107, 0.707107, 1.58114,
				      2.54951, 3.53553, 4.52769, 5.52268,
				      5.52268, 4.52769, 3.53553, 2.54951,
				      1.58114, 0.707107, 0.707107, 1.58114,
				      2.54951, 3.53553, 4.52769, 5.52268,
				      5.70088, 4.74342, 3.80789, 2.91548,
				      2.12132, 1.58114, 1.58114, 2.12132,
				      2.91548, 3.80789, 4.74342, 5.70088,
				      6.04152, 5.14782, 4.30116, 3.53553,
				      2.91548, 2.54951, 2.54951, 2.91548,
				      3.53553, 4.30116, 5.14782, 6.04152,
				      6.5192, 5.70088, 4.94975, 4.30116,
				      3.80789, 3.53553, 3.53553, 3.80789,
				      4.30116, 4.94975, 5.70088, 6.5192,
				      7.10634, 6.36396, 5.70088, 5.14782,
				      4.74342, 4.52769, 4.52769, 4.74342,
				      5.14782, 5.70088, 6.36396, 7.10634,
				      7.77817, 7.10634, 6.5192, 6.04152,
				      5.70088, 5.52268, 5.52268, 5.70088,
				      6.04152, 6.5192, 7.10634, 7.77817 ]
	    }
	]

}
ROUTE TOUCH.touchTime TO TIMER.set_startTime
ROUTE TIMER.fraction_changed TO WAVYSCRIPT.fraction
ROUTE WAVYSCRIPT.height TO GRID.set_height
