# Created by Octave 2.9.9, Wed May 16 14:37:10 2007 CEST <culpo@num11.math.uni-wuppertal.de>
# name: alfaEg
# type: scalar
7.57829466526e-23
# name: mudopparn
# type: matrix
# rows: 8
# columns: 1
 0.00522
 0.00522
 0.00434
 0
 9.679999999999999e+22
 3.43e+26
 0.68
 2
# name: mudopparp
# type: matrix
# rows: 8
# columns: 1
 0.00449
 0
 0.0029
 9.230000000000001e+22
 2.23e+23
 6.1e+26
 0.719
 2
# name: __nargin__
# type: scalar
2
# name: mubnexp
# type: scalar
0.66
# name: q
# type: scalar
1.602176462e-19
# name: vsatpexp
# type: scalar
0.52
# name: Eg0
# type: scalar
1.87396967701368e-19
# name: mubn
# type: scalar
1.109
# name: mubp
# type: scalar
1.213
# name: kappaSi
# type: scalar
154.86
# name: hbar
# type: scalar
1.054560652926898e-34
# name: mubn0
# type: scalar
1.109
# name: mubp0
# type: scalar
1.213
# name: vsatn
# type: scalar
107000
# name: vsatp
# type: scalar
83700
# name: esio2
# type: scalar
3.45313324863e-11
# name: alephn
# type: scalar
2.442079557997522e-20
# name: alephp
# type: scalar
1.05823447513226e-18
# name: vsatn0
# type: scalar
107000
# name: mndos
# type: scalar
2.990630807677018e-31
# name: vsatp0
# type: scalar
83700
# name: vsatnexp
# type: scalar
0.87
# name: mubpexp
# type: scalar
0.17
# name: Egap
# type: scalar
1.801101459078488e-19
# name: esir
# type: scalar
11.7
# name: Kb
# type: scalar
1.3806503e-23
# name: betaEg
# type: scalar
636
# name: Nc
# type: scalar
2.832359512537327e+25
# name: Nv
# type: scalar
1.021468310220377e+25
# name: T0
# type: scalar
300
# name: esio2r
# type: scalar
3.9
# name: Phims
# type: scalar
-0.79
# name: esi
# type: scalar
1.035939974589e-10
# name: hplanck
# type: scalar
6.626e-34
# name: Vth
# type: scalar
0.02585202690363829
# name: e0
# type: scalar
8.854187817e-12
# name: twn
# type: scalar
1e-13
# name: twp
# type: scalar
1e-13
# name: mhh
# type: scalar
4.4639e-31
# name: mlh
# type: scalar
1.4576e-31
# name: mn0
# type: scalar
9.11e-31
# name: mnl
# type: scalar
8.927800000000001e-31
# name: aleph
# type: scalar
2.442079557997522e-20
# name: mnt
# type: scalar
1.7309e-31
# name: mh
# type: scalar
1.6398e-31
# name: mhdos
# type: scalar
5.003201373499014e-31
# name: mn
# type: scalar
2.3686e-31
# name: ni
# type: scalar
6140088000559841
# name: rn
# type: scalar
3
# name: rp
# type: scalar
0.1
# name: tn
# type: scalar
1e-07
# name: tp
# type: scalar
1e-07
# name: qsue
# type: scalar
1.546591985347075e-09
# name: un
# type: scalar
0.1417
# name: up
# type: scalar
0.048
