function sols = somasols
%SOMASOLS Solutions to the SOMA cube.

%    Copyright 1984-2002 The MathWorks, Inc. 
%    $Revision: 1.8 $

sols=[ 15 21 24  6  7  8  9  1  2  3  5 11 12 19 20 18 23 26 27 16 17 22 25  4 10 13 14
       15 24 27  6  7  8  9  1  2  3  5  4 13 16 25 10 11 19 22 12 20 21 23 14 17 18 26
       17 26 27  6  7  8  9  1  2  3  5  4 13 16 25 10 11 19 22 12 20 21 23 14 15 18 24
       15 24 27  6  7  8  9  1  2  3  5 17 18 25 26 10 11 19 22 12 20 21 23  4 13 14 16
       15 21 24  6  7  8  9  1  2  3  5  4 10 13 19 18 23 26 27 16 17 22 25 11 12 14 20
       11 20 21  6  7  8  9  1  2  3  5  4 10 13 19 18 23 26 27 16 17 22 25 12 14 15 24
       21 23 24 16 19 22 25  1  2  3  5  4  7 10 13  6  8  9 17 15 18 26 27 11 12 14 20
       11 12 21 16 19 22 25  1  2  3  5  4  7 10 13  6  8  9 17 15 18 26 27 14 20 23 24
       23 26 27 16 19 22 25  1  2  3  5 10 11 20 21  4  7  8 13  6  9 17 18 12 14 15 24
        6  9 15 22 25 26 27  1  2  3  5  7  8 17 18 10 19 20 23 11 12 21 24  4 13 14 16
        4  7 13 22 25 26 27  1  2  3  5  8  9 16 17 10 19 20 23 11 12 21 24  6 14 15 18
       21 23 24  4  7 16 25  1  2  3  5 11 12 19 20  6  8  9 17 15 18 26 27 10 13 14 22
       11 12 21  4  7 16 25  1  2  3  5 19 20 23 24  6  8  9 17 15 18 26 27 10 13 14 22
       11 12 21  4  7 16 25  1  2  3  5 22 23 26 27  6  8  9 17 10 13 19 20 14 15 18 24
        6  9 15 19 20 22 25  1  2  3  5  4  7 10 13 18 23 26 27 11 12 21 24  8 14 16 17
       21 23 24 18 25 26 27  1  2  3  5 11 12 19 20  4  7 16 17  6  8  9 15 10 13 14 22
        6  9 15 18 25 26 27  1  2  3  5  4  7 10 13 12 21 23 24 11 19 20 22  8 14 16 17
       11 12 21 18 25 26 27  1  2  3  5 19 20 23 24  4  7 16 17  6  8  9 15 10 13 14 22
        7  8 17 18 25 26 27  1  2  3  5  6  9 12 15 11 20 21 24 10 19 22 23  4 13 14 16
        4  7 13 18 25 26 27  1  2  3  5  6  9 12 15 11 20 21 24 10 19 22 23  8 14 16 17
        4  7 13 18 25 26 27  1  2  3  5  8  9 16 17 11 20 21 24 10 19 22 23  6 12 14 15
        6  9 15 18 25 26 27  1  2  3  5 13 16 19 22 12 21 23 24  4  7  8 17 10 11 14 20
       11 19 20  7  8  9 16  1  2  3  5  6 12 15 21 17 22 25 26 18 23 24 27  4 10 13 14
       23 25 26  7  8  9 16  1  2  3  5  6 12 15 21 17 18 24 27 11 19 20 22  4 10 13 14
       11 20 21  7  8  9 16  1  2  3  5  4 10 13 19 17 22 25 26 18 23 24 27  6 12 14 15
       19 20 23  7  8  9 16  1  2  3  5  6 15 18 27 17 22 25 26 11 12 21 24  4 10 13 14
       17 25 26  7  8  9 16  1  2  3  5  6 15 18 27 12 21 23 24 11 19 20 22  4 10 13 14
       10 11 19  8  9 18 27  1  2  3  5  6 12 15 21  4  7 16 17 13 22 25 26 14 20 23 24
        6  9 15  7 16 25 26  1  2  3  5  8 17 18 27 12 21 23 24 11 19 20 22  4 10 13 14
       15 18 27  7 16 25 26  1  2  3  5  4 10 13 19  6  8  9 17 11 12 21 24 14 20 22 23
       11 12 21  7 16 25 26  1  2  3  5  4 10 13 19 17 18 24 27  6  8  9 15 14 20 22 23
        8  9 17  7 16 25 26  1  2  3  5  6 15 18 27 12 21 23 24 11 19 20 22  4 10 13 14
       11 19 20 12 21 24 27  1  2  3  5  4  7 10 13 16 22 23 25  6  8  9 15 14 17 18 26
       10 11 19  9 18 24 27  1  2  3  5 20 21 22 23 13 16 25 26  4  7  8 17  6 12 14 15
       19 22 23  9 18 24 27  1  2  3  5 10 11 20 21 13 16 25 26  4  7  8 17  6 12 14 15
       19 22 23  9 18 24 27  1  2  3  5  6 12 15 21 13 16 25 26  4  7  8 17 10 11 14 20
       10 11 19  9 18 24 27  1  2  3  5  6 12 15 21 13 16 25 26  4  7  8 17 14 20 22 23
       16 17 25 10 19 20 21  1  2  3  5  6  9 12 15  4  7  8 13 11 14 22 23 18 24 26 27
        7  8 17 10 19 20 21  1  2  3  5  6  9 12 15 16 22 23 25  4 11 13 14 18 24 26 27
       17 26 27  6  7  8  9  1  2  3  5  4 13 16 25 10 11 19 22 14 15 18 23 12 20 21 24
       16 17 25  6  7  8  9  1  2  3  5  4 10 13 19 12 15 20 21 11 14 22 23 18 24 26 27
       11 12 21  6  7  8  9  1  2  3  5  4 10 13 19 17 18 24 27 14 15 20 23 16 22 25 26
       11 12 21 16 19 22 25  1  2  3  5  4  7 10 13  6  8  9 17 14 15 20 23 18 24 26 27
       15 21 24 22 25 26 27  1  2  3  5 11 12 19 20  4  7 16 17 10 13 14 23  6  8  9 18
        6  9 15  4  7 16 25  1  2  3  5  8 17 18 27 10 11 19 22 13 14 23 26 12 20 21 24
       20 21 23  4  7 16 25  1  2  3  5  6  9 12 15 10 11 19 22  8 13 14 17 18 24 26 27
        8  9 17  4  7 16 25  1  2  3  5  6 15 18 27 10 11 19 22 13 14 23 26 12 20 21 24
       11 12 21 19 20 22 25  1  2  3  5  4  7 10 13 15 24 26 27 14 16 17 23  6  8  9 18
       23 25 26  7  8  9 16  1  2  3  5  6 12 15 21 17 18 24 27  4 11 13 14 10 19 20 22
       17 25 26  7  8  9 16  1  2  3  5  6 15 18 27 12 21 23 24  4 11 13 14 10 19 20 22
       15 18 27 19 20 21 24  1  2  3  5  4  7 10 13  6  8  9 17 11 12 14 23 16 22 25 26
       11 19 20  8  9 18 27  1  2  3  5  4  7 10 13 12 21 23 24  6 14 15 17 16 22 25 26
        6  9 15  7 16 25 26  1  2  3  5  8 17 18 27 12 21 23 24  4 11 13 14 10 19 20 22
       15 18 27  7 16 25 26  1  2  3  5  4 10 13 19  6  8  9 17 11 14 22 23 12 20 21 24
        8  9 17  7 16 25 26  1  2  3  5  6 15 18 27 12 21 23 24  4 11 13 14 10 19 20 22
        6  9 15 12 21 24 27  1  2  3  5  7  8 17 18 10 19 20 23  4 11 13 14 16 22 25 26
       11 19 20 12 21 24 27  1  2  3  5  4  7 10 13  6  8  9 17 14 15 18 23 16 22 25 26
       11 19 20 12 21 24 27  1  2  3  5  4  7 10 13 16 22 23 25 14 15 17 26  6  8  9 18
        7  8 17  9 18 24 27  1  2  3  5  6 12 15 21 10 19 20 23  4 11 13 14 16 22 25 26
       11 19 20  9 18 24 27  1  2  3  5  6 12 15 21 17 22 25 26 10 13 14 23  4  7  8 16
        4  7 13 10 19 20 21  1  2  3  5 16 17 26 27 11 12 15 24 14 22 23 25  6  8  9 18
       22 23 25 10 19 20 21  1  2  3  5 16 17 26 27 11 12 15 24  4  7 13 14  6  8  9 18
       16 17 25 10 19 20 21  1  2  3  5 22 23 26 27 11 12 15 24  4  7 13 14  6  8  9 18
       12 15 21  6  7  8  9  1  2  3  5 19 20 23 24  4 10 11 13 14 17 18 27 16 22 25 26
       17 18 27  6  7  8  9  1  2  3  5 19 20 23 24  4 10 11 13 12 14 15 21 16 22 25 26
       16 17 25  6  7  8  9  1  2  3  5  4 10 13 19 11 20 22 23 12 14 15 21 18 24 26 27
       15 21 24  6  7  8  9  1  2  3  5  4 10 13 19 11 12 20 23 14 17 18 27 16 22 25 26
       11 12 21  6  7  8  9  1  2  3  5  4 10 13 19 15 20 23 24 14 17 18 27 16 22 25 26
       20 21 23  6  7  8  9  1  2  3  5  4 10 13 19 11 12 15 24 14 17 18 27 16 22 25 26
        6  9 15 16 19 22 25  1  2  3  5  7  8 17 18  4 10 11 13 14 23 26 27 12 20 21 24
       12 15 21 22 25 26 27  1  2  3  5 19 20 23 24  4 10 11 13  7 14 16 17  6  8  9 18
        7 16 17 22 25 26 27  1  2  3  5 19 20 23 24  4 10 11 13 12 14 15 21  6  8  9 18
       15 21 24 22 25 26 27  1  2  3  5  4 10 13 19 11 12 20 23  7 14 16 17  6  8  9 18
       11 12 21 22 25 26 27  1  2  3  5  4 10 13 19 15 20 23 24  7 14 16 17  6  8  9 18
       20 21 23 22 25 26 27  1  2  3  5  4 10 13 19 11 12 15 24  7 14 16 17  6  8  9 18
        6  9 15  4  7 16 25  1  2  3  5  8 17 18 27 13 22 23 26 10 11 14 19 12 20 21 24
       19 22 23  4  7 16 25  1  2  3  5  6 12 15 21 10 11 13 20  8  9 14 17 18 24 26 27
       10 13 19  4  7 16 25  1  2  3  5  6 12 15 21 11 20 22 23  8  9 14 17 18 24 26 27
       11 19 20  4  7 16 25  1  2  3  5  6 12 15 21 10 13 22 23  8  9 14 17 18 24 26 27
        8  9 17  4  7 16 25  1  2  3  5  6 15 18 27 13 22 23 26 10 11 14 19 12 20 21 24
       10 11 19  4  7 16 25  1  2  3  5  6 15 18 27 13 22 23 26  8  9 14 17 12 20 21 24
       11 12 21 19 20 22 25  1  2  3  5  4  7 10 13 16 17 23 26 14 15 24 27  6  8  9 18
       23 24 27 19 20 22 25  1  2  3  5  7 16 17 26  4 10 11 13 12 14 15 21  6  8  9 18
       19 22 23  7  8  9 16  1  2  3  5  6 15 18 27  4 10 11 13 14 17 25 26 12 20 21 24
       19 22 23  7 16 25 26  1  2  3  5  6 15 18 27  4 10 11 13  8  9 14 17 12 20 21 24
        6  9 15 12 21 24 27  1  2  3  5  7  8 17 18  4 10 11 13 14 19 20 23 16 22 25 26
       19 22 23  9 18 24 27  1  2  3  5  6 12 15 21 10 11 13 20 14 17 25 26  4  7  8 16
       10 13 19  9 18 24 27  1  2  3  5  6 12 15 21 11 20 22 23 14 17 25 26  4  7  8 16
        7  8 17  9 18 24 27  1  2  3  5  6 12 15 21  4 10 11 13 14 19 20 23 16 22 25 26
