toolbox/map/mapdemos/MountDartmouth-ft.grd
ncols 346 
nrows 473 
xllcorner    300390.000000
yllcorner    4902150.000000
cellsize 30
nodata_value -32766
[rows 296 to 332 of 473, columns 168 to 251 of 346]
2675 2705 2730 2773 2808 2839 2873 2895 2922 2950 2977 3000 3022 3046 3076 3099 3115 3129 3139 3143 3144 3143 3138 3130 3130 3139 3143 3145 3145 3144 3144 3139 3129 3139 3162 3187 3211 3234 3255 3281 3298 3316 3334 3345 3368 3396 3421 3444 3460 3476 3486 3493 3495 3493 3484 3469 3453 3424 3400 3367 3331 3306 3298 3282 3264 3259 3248 3250 3250 3248 3244 3240 3238 3251 3259 3265 3281 3304 3320 3326 3319 3306 3288 3263
2691 2721 2753 2797 2827 2856 2887 2912 2942 2969 2993 3019 3044 3074 3103 3127 3145 3158 3169 3172 3174 3172 3165 3155 3162 3171 3175 3180 3182 3183 3181 3177 3168 3177 3190 3215 3239 3260 3289 3305 3327 3345 3362 3376 3392 3418 3444 3463 3480 3495 3505 3511 3512 3507 3491 3468 3449 3420 3396 3362 3336 3315 3302 3289 3272 3257 3244 3231 3230 3231 3230 3226 3224 3234 3244 3256 3275 3290 3309 3321 3315 3304 3285 3263
2708 2737 2782 2815 2841 2876 2902 2933 2958 2986 3013 3038 3066 3100 3132 3154 3175 3188 3195 3200 3201 3198 3190 3188 3198 3207 3214 3219 3219 3220 3217 3213 3207 3212 3217 3239 3265 3294 3315 3337 3357 3377 3395 3411 3425 3439 3464 3483 3503 3521 3531 3534 3531 3520 3501 3475 3449 3425 3404 3379 3358 3334 3314 3295 3276 3260 3244 3227 3215 3216 3215 3213 3208 3217 3224 3244 3268 3279 3295 3316 3311 3299 3281 3259
2723 2760 2801 2829 2855 2889 2919 2947 2976 3002 3030 3058 3088 3126 3154 3183 3202 3216 3228 3235 3238 3233 3228 3229 3238 3244 3248 3250 3252 3251 3248 3244 3239 3239 3244 3267 3296 3326 3343 3367 3384 3408 3426 3440 3453 3464 3483 3507 3529 3543 3550 3553 3551 3538 3516 3494 3465 3438 3412 3388 3367 3344 3321 3299 3278 3260 3242 3224 3204 3200 3200 3197 3190 3199 3207 3230 3252 3275 3300 3314 3306 3289 3271 3251
2743 2784 2818 2843 2873 2904 2932 2964 2990 3020 3050 3078 3114 3152 3182 3204 3229 3243 3262 3274 3277 3271 3265 3268 3279 3287 3289 3290 3289 3285 3281 3275 3267 3274 3279 3296 3326 3348 3372 3392 3414 3433 3451 3470 3480 3491 3507 3533 3550 3561 3569 3572 3570 3556 3533 3506 3474 3444 3413 3386 3363 3342 3319 3299 3275 3257 3238 3217 3196 3184 3184 3182 3178 3180 3201 3227 3253 3278 3301 3312 3303 3284 3259 3232
2765 2805 2832 2855 2887 2918 2950 2979 3009 3037 3067 3098 3140 3174 3201 3229 3252 3278 3303 3317 3322 3318 3314 3326 3329 3329 3327 3327 3324 3320 3316 3310 3305 3316 3318 3325 3349 3374 3396 3419 3440 3463 3479 3495 3509 3522 3534 3551 3569 3584 3590 3590 3586 3571 3548 3517 3480 3449 3414 3389 3357 3327 3310 3290 3269 3251 3228 3208 3190 3173 3171 3171 3167 3167 3197 3227 3254 3276 3293 3304 3295 3279 3255 3218
2787 2819 2843 2871 2901 2933 2964 2995 3024 3052 3085 3120 3161 3193 3224 3250 3281 3312 3339 3355 3361 3360 3363 3371 3373 3372 3368 3363 3357 3352 3346 3341 3343 3351 3356 3355 3374 3399 3423 3444 3470 3489 3507 3529 3542 3553 3562 3575 3594 3607 3608 3605 3596 3583 3556 3527 3490 3458 3428 3396 3365 3327 3294 3277 3261 3240 3215 3198 3181 3165 3156 3156 3149 3167 3196 3222 3249 3265 3281 3287 3284 3269 3251 3219
2803 2831 2856 2885 2916 2947 2978 3011 3038 3069 3102 3147 3179 3209 3240 3275 3314 3348 3368 3381 3392 3397 3405 3410 3409 3406 3401 3395 3386 3380 3375 3369 3374 3380 3382 3384 3399 3425 3449 3474 3497 3524 3542 3555 3565 3582 3592 3603 3620 3627 3626 3621 3604 3587 3558 3530 3500 3467 3441 3405 3372 3339 3302 3269 3249 3223 3201 3185 3169 3152 3142 3143 3141 3160 3186 3212 3236 3253 3262 3267 3266 3253 3239 3215
2818 2844 2873 2899 2928 2959 2995 3024 3054 3084 3120 3162 3197 3227 3253 3298 3343 3367 3392 3405 3418 3429 3438 3441 3440 3438 3433 3427 3418 3409 3400 3397 3405 3410 3412 3412 3424 3452 3482 3505 3536 3551 3563 3577 3593 3606 3620 3633 3641 3644 3642 3629 3608 3584 3557 3527 3504 3477 3450 3413 3377 3347 3313 3281 3256 3224 3198 3173 3151 3141 3131 3132 3128 3147 3174 3198 3217 3235 3247 3249 3245 3237 3227 3207
2831 2857 2886 2913 2939 2970 3009 3035 3067 3099 3139 3177 3206 3233 3265 3311 3352 3381 3403 3419 3436 3459 3479 3487 3487 3481 3471 3462 3454 3443 3432 3429 3436 3440 3441 3439 3452 3486 3512 3546 3558 3570 3587 3605 3616 3633 3647 3655 3660 3656 3649 3626 3597 3574 3543 3520 3500 3477 3451 3418 3382 3351 3319 3290 3262 3233 3202 3174 3143 3129 3121 3117 3116 3129 3150 3173 3197 3215 3225 3228 3228 3224 3215 3200
2842 2873 2898 2922 2952 2986 3020 3048 3080 3115 3152 3184 3210 3234 3259 3307 3350 3383 3409 3432 3463 3501 3524 3539 3540 3536 3526 3510 3497 3484 3464 3465 3473 3478 3479 3479 3488 3522 3550 3562 3574 3591 3609 3625 3642 3655 3664 3669 3669 3656 3635 3601 3578 3554 3528 3506 3487 3468 3448 3415 3383 3349 3320 3291 3264 3234 3202 3173 3144 3125 3111 3104 3103 3114 3128 3142 3169 3196 3207 3212 3215 3212 3205 3192
2854 2884 2907 2932 2962 3000 3028 3059 3090 3125 3159 3185 3210 3228 3244 3284 3334 3372 3413 3445 3495 3536 3558 3565 3565 3563 3559 3552 3540 3521 3505 3512 3517 3522 3525 3526 3532 3551 3564 3572 3586 3607 3624 3641 3656 3667 3673 3678 3667 3645 3595 3569 3551 3530 3492 3471 3462 3451 3432 3400 3372 3343 3316 3288 3262 3231 3196 3167 3140 3123 3108 3089 3086 3099 3111 3122 3151 3170 3186 3195 3201 3200 3195 3184
2867 2891 2914 2939 2974 3011 3035 3068 3101 3129 3160 3183 3205 3218 3232 3270 3325 3366 3424 3465 3515 3559 3577 3587 3588 3585 3579 3573 3564 3555 3552 3557 3558 3559 3559 3560 3563 3567 3571 3577 3590 3613 3632 3648 3661 3669 3674 3669 3652 3614 3565 3530 3510 3484 3461 3437 3427 3423 3401 3381 3358 3333 3305 3280 3259 3222 3190 3155 3131 3115 3099 3079 3074 3085 3093 3104 3127 3148 3159 3178 3187 3187 3183 3172
2874 2896 2918 2944 2985 3016 3040 3074 3105 3130 3155 3174 3192 3208 3237 3274 3331 3376 3429 3476 3526 3566 3592 3604 3612 3611 3604 3594 3587 3579 3579 3580 3579 3577 3575 3574 3572 3573 3571 3576 3588 3611 3633 3646 3655 3661 3660 3650 3619 3582 3539 3491 3465 3453 3434 3396 3384 3383 3370 3356 3339 3317 3292 3271 3250 3211 3181 3146 3121 3106 3090 3071 3057 3068 3068 3084 3103 3116 3145 3163 3169 3171 3168 3160
2873 2898 2920 2947 2987 3015 3040 3074 3103 3124 3142 3159 3181 3213 3240 3279 3334 3378 3431 3478 3523 3562 3596 3623 3634 3637 3632 3618 3601 3595 3593 3593 3591 3587 3581 3570 3563 3559 3565 3570 3578 3593 3617 3635 3645 3646 3642 3614 3587 3552 3510 3462 3423 3407 3387 3357 3343 3347 3342 3330 3316 3298 3277 3259 3231 3198 3170 3141 3110 3094 3079 3058 3037 3042 3044 3064 3079 3090 3125 3150 3156 3158 3156 3148
2872 2896 2919 2946 2984 3012 3038 3069 3095 3111 3125 3146 3181 3216 3243 3282 3333 3375 3427 3473 3512 3546 3584 3627 3647 3659 3646 3627 3606 3596 3592 3593 3588 3580 3565 3555 3545 3528 3545 3553 3558 3572 3595 3611 3617 3615 3602 3585 3557 3525 3472 3433 3382 3361 3347 3327 3301 3305 3306 3300 3290 3276 3260 3239 3209 3181 3157 3132 3103 3077 3063 3046 3017 3015 3026 3044 3057 3078 3101 3122 3136 3141 3134 3119
2860 2885 2910 2935 2973 2999 3025 3053 3078 3095 3117 3151 3183 3216 3245 3282 3332 3368 3417 3458 3498 3524 3558 3589 3626 3633 3621 3607 3588 3571 3567 3565 3559 3551 3544 3529 3513 3497 3500 3520 3522 3553 3579 3589 3591 3587 3576 3556 3527 3481 3440 3401 3354 3319 3299 3284 3270 3275 3276 3273 3265 3254 3237 3213 3186 3163 3143 3118 3090 3060 3044 3026 3000 2993 3005 3025 3037 3063 3080 3097 3110 3113 3107 3097
2851 2874 2900 2926 2956 2989 3009 3034 3067 3095 3121 3155 3184 3216 3245 3282 3329 3361 3402 3437 3475 3504 3526 3554 3574 3583 3583 3574 3556 3540 3532 3532 3526 3517 3507 3494 3482 3470 3467 3481 3492 3538 3556 3566 3567 3560 3549 3523 3483 3442 3410 3366 3331 3294 3264 3252 3244 3252 3253 3249 3240 3225 3207 3185 3165 3147 3126 3102 3077 3046 3024 3009 2983 2969 2983 3001 3018 3044 3062 3075 3083 3087 3084 3075
2867 2888 2905 2929 2959 2990 3013 3036 3069 3097 3124 3157 3184 3215 3244 3281 3324 3355 3390 3421 3452 3480 3501 3518 3531 3541 3542 3535 3520 3506 3494 3492 3488 3480 3471 3463 3453 3442 3433 3446 3459 3504 3528 3539 3537 3524 3509 3475 3438 3411 3374 3343 3305 3276 3250 3222 3216 3220 3220 3216 3207 3194 3178 3163 3147 3128 3107 3086 3062 3028 3008 2991 2967 2941 2950 2972 3000 3021 3037 3052 3059 3062 3060 3053
2886 2904 2923 2942 2960 2986 3011 3034 3068 3097 3125 3158 3183 3213 3242 3279 3315 3349 3378 3409 3429 3452 3472 3486 3494 3497 3496 3492 3483 3469 3460 3461 3457 3450 3444 3434 3421 3410 3406 3414 3429 3463 3489 3495 3493 3480 3456 3433 3408 3376 3348 3319 3289 3261 3233 3205 3189 3189 3191 3186 3179 3168 3155 3141 3126 3107 3086 3068 3044 3008 2987 2972 2953 2911 2928 2944 2970 2993 3004 3021 3031 3035 3034 3022
2898 2918 2939 2957 2978 2998 3015 3030 3060 3094 3123 3158 3183 3211 3240 3274 3306 3340 3366 3396 3414 3429 3442 3453 3460 3460 3459 3455 3449 3435 3424 3427 3425 3420 3412 3405 3396 3383 3383 3388 3402 3423 3436 3444 3442 3435 3422 3403 3377 3351 3324 3295 3271 3243 3213 3190 3169 3155 3160 3159 3154 3143 3131 3116 3098 3083 3067 3047 3020 2990 2965 2956 2927 2899 2897 2921 2944 2955 2979 2992 3000 3003 3000 2989
2908 2929 2950 2971 2991 3008 3025 3039 3053 3085 3117 3155 3180 3209 3234 3267 3296 3326 3356 3381 3399 3409 3419 3425 3428 3430 3430 3426 3418 3407 3393 3396 3395 3393 3389 3382 3370 3358 3363 3366 3379 3392 3401 3408 3408 3402 3388 3370 3350 3325 3298 3275 3250 3220 3198 3176 3151 3117 3113 3117 3114 3108 3096 3083 3073 3059 3043 3023 2995 2965 2939 2929 2905 2882 2869 2896 2919 2933 2949 2961 2968 2970 2967 2959
2916 2937 2960 2980 2999 3017 3034 3048 3068 3087 3110 3150 3176 3204 3228 3259 3287 3312 3346 3365 3383 3393 3398 3402 3404 3405 3404 3399 3391 3375 3365 3368 3369 3366 3361 3353 3340 3327 3340 3344 3358 3366 3374 3379 3377 3370 3358 3343 3323 3298 3278 3254 3224 3203 3183 3159 3126 3088 3068 3072 3073 3071 3060 3050 3042 3033 3017 2993 2967 2941 2915 2898 2881 2865 2850 2875 2895 2914 2934 2940 2944 2945 2943 2937
2923 2946 2968 2987 3006 3025 3043 3062 3083 3104 3122 3145 3172 3197 3223 3249 3279 3301 3324 3349 3366 3376 3382 3386 3386 3385 3381 3371 3359 3344 3337 3344 3344 3340 3333 3324 3311 3295 3303 3316 3335 3346 3350 3352 3349 3342 3333 3317 3297 3278 3256 3229 3208 3188 3167 3134 3096 3059 3031 3032 3034 3032 3029 3022 3011 2998 2982 2963 2942 2916 2895 2872 2859 2844 2823 2850 2876 2894 2913 2923 2927 2926 2921 2911
2928 2953 2974 2994 3013 3034 3052 3075 3097 3120 3138 3153 3172 3191 3220 3242 3268 3293 3311 3329 3346 3356 3361 3363 3363 3361 3355 3345 3334 3320 3313 3315 3314 3311 3304 3296 3285 3270 3270 3287 3305 3315 3320 3322 3320 3314 3303 3291 3273 3255 3231 3211 3192 3173 3142 3104 3068 3033 3002 3005 3005 3003 2999 2991 2980 2968 2953 2937 2916 2893 2873 2853 2823 2809 2789 2824 2857 2878 2892 2900 2904 2903 2898 2889
2933 2958 2980 3000 3021 3041 3064 3088 3113 3134 3153 3169 3188 3208 3232 3253 3275 3293 3305 3321 3333 3343 3344 3346 3344 3340 3335 3327 3314 3298 3289 3291 3290 3285 3279 3271 3260 3245 3241 3261 3275 3285 3290 3291 3290 3286 3277 3264 3249 3232 3213 3195 3176 3148 3112 3075 3041 3001 2964 2967 2968 2968 2965 2959 2951 2939 2926 2911 2889 2869 2850 2828 2798 2775 2752 2788 2835 2859 2869 2876 2882 2881 2876 2869
2937 2963 2985 3007 3027 3051 3076 3102 3127 3151 3166 3186 3208 3232 3258 3282 3311 3330 3334 3333 3332 3338 3335 3330 3327 3323 3317 3308 3292 3271 3257 3260 3261 3259 3253 3245 3235 3225 3221 3234 3248 3258 3263 3265 3264 3259 3250 3241 3227 3211 3193 3177 3152 3118 3082 3049 3006 2976 2933 2926 2930 2931 2929 2925 2918 2908 2895 2876 2860 2844 2824 2801 2781 2753 2734 2765 2809 2835 2852 2860 2862 2862 2859 2852
2939 2965 2990 3014 3035 3063 3088 3117 3145 3164 3184 3205 3229 3255 3281 3313 3335 3343 3344 3339 3338 3339 3339 3328 3312 3307 3298 3283 3271 3252 3238 3239 3239 3235 3228 3222 3216 3209 3201 3208 3218 3226 3231 3233 3232 3229 3224 3217 3207 3190 3175 3152 3123 3086 3057 3008 2979 2945 2906 2891 2897 2899 2896 2892 2881 2871 2860 2847 2834 2813 2793 2775 2752 2734 2715 2750 2779 2798 2814 2827 2832 2830 2824 2817
2940 2967 2993 3019 3046 3074 3102 3134 3159 3181 3201 3226 3252 3276 3300 3328 3344 3364 3351 3346 3336 3333 3348 3334 3305 3290 3283 3267 3250 3230 3220 3214 3213 3211 3208 3203 3196 3189 3182 3176 3192 3204 3208 3210 3210 3208 3204 3197 3184 3173 3150 3123 3088 3062 3019 2978 2944 2906 2882 2862 2865 2866 2863 2859 2851 2843 2835 2816 2801 2784 2766 2748 2732 2714 2694 2727 2751 2767 2778 2786 2792 2793 2787 2774
2957 2980 3000 3025 3056 3087 3117 3148 3175 3197 3221 3247 3271 3290 3308 3328 3346 3367 3355 3343 3333 3327 3334 3327 3303 3270 3267 3255 3236 3219 3207 3195 3188 3187 3184 3181 3176 3171 3163 3151 3165 3177 3181 3183 3182 3181 3182 3176 3165 3146 3121 3088 3064 3025 2987 2953 2900 2874 2855 2839 2833 2837 2835 2832 2824 2811 2799 2787 2772 2757 2739 2721 2699 2679 2670 2698 2722 2739 2751 2759 2762 2760 2754 2745
2980 3003 3022 3044 3067 3099 3131 3163 3189 3213 3238 3263 3279 3293 3307 3324 3338 3349 3349 3339 3328 3320 3317 3314 3297 3261 3245 3238 3225 3211 3197 3182 3167 3165 3165 3162 3157 3150 3134 3121 3142 3153 3159 3160 3159 3162 3163 3156 3141 3118 3092 3065 3032 2999 2964 2916 2876 2845 2826 2811 2801 2809 2807 2801 2791 2783 2773 2758 2744 2728 2711 2688 2669 2642 2649 2671 2692 2710 2723 2730 2732 2730 2725 2718
2997 3023 3053 3069 3083 3112 3147 3175 3202 3229 3247 3270 3282 3293 3304 3314 3327 3333 3333 3328 3319 3308 3302 3298 3288 3255 3229 3217 3208 3198 3186 3169 3149 3147 3148 3142 3132 3117 3100 3095 3113 3129 3132 3131 3130 3140 3139 3131 3111 3092 3068 3042 3007 2976 2936 2895 2863 2830 2792 2779 2769 2775 2775 2769 2760 2751 2741 2729 2717 2700 2678 2663 2637 2612 2629 2651 2665 2676 2692 2701 2703 2702 2698 2691
3013 3051 3073 3089 3106 3125 3159 3186 3212 3232 3249 3266 3278 3290 3292 3303 3313 3317 3317 3311 3304 3295 3284 3278 3268 3249 3226 3206 3192 3182 3169 3151 3130 3122 3121 3113 3101 3090 3067 3068 3087 3099 3104 3103 3110 3113 3111 3102 3089 3068 3046 3012 2985 2956 2912 2878 2849 2809 2775 2753 2736 2738 2740 2739 2734 2725 2715 2704 2688 2669 2654 2632 2604 2579 2605 2625 2641 2654 2663 2671 2674 2673 2667 2659
3042 3069 3090 3112 3132 3152 3171 3195 3214 3228 3241 3253 3261 3263 3278 3291 3297 3299 3297 3290 3279 3275 3264 3255 3252 3238 3220 3199 3171 3160 3147 3131 3108 3095 3092 3086 3075 3059 3041 3046 3065 3074 3076 3077 3087 3090 3088 3078 3065 3046 3014 2991 2965 2935 2892 2862 2828 2789 2765 2738 2712 2704 2708 2708 2704 2697 2688 2672 2658 2644 2627 2602 2574 2559 2582 2601 2613 2624 2631 2638 2640 2637 2631 2617
3072 3084 3109 3130 3152 3166 3180 3201 3215 3224 3229 3235 3236 3239 3256 3267 3273 3273 3268 3258 3247 3248 3242 3231 3232 3223 3209 3191 3155 3134 3124 3104 3082 3072 3069 3063 3050 3036 3016 3028 3039 3046 3048 3055 3062 3063 3060 3054 3038 3012 2993 2969 2950 2905 2873 2842 2805 2774 2753 2723 2698 2676 2680 2680 2676 2669 2659 2646 2634 2622 2597 2572 2548 2536 2558 2576 2587 2596 2602 2605 2604 2601 2596 2589
3092 3106 3121 3141 3160 3177 3192 3206 3213 3220 3222 3217 3216 3222 3234 3243 3246 3244 3237 3229 3221 3217 3216 3207 3210 3204 3192 3177 3147 3118 3094 3072 3055 3045 3046 3037 3022 3004 2990 3006 3016 3020 3019 3032 3036 3036 3032 3021 3004 2991 2969 2954 2918 2883 2855 2820 2787 2763 2739 2709 2684 2662 2658 2658 2651 2643 2634 2623 2611 2590 2569 2550 2514 2512 2535 2550 2562 2569 2572 2575 2574 2572 2569 2562
3113 3123 3131 3145 3164 3185 3205 3214 3219 3217 3216 3208 3203 3203 3207 3213 3215 3214 3210 3207 3201 3193 3190 3183 3185 3183 3176 3164 3139 3114 3094 3074 3048 3027 3012 3005 2994 2982 2973 2984 2993 2994 2992 3002 3008 3008 3003 2995 2980 2965 2953 2924 2890 2865 2832 2798 2770 2750 2720 2693 2670 2643 2634 2633 2627 2619 2611 2599 2583 2565 2545 2515 2485 2486 2508 2526 2536 2542 2547 2550 2549 2546 2541 2533
