toolbox/map/mapdemos/MountDartmouth-ft.grd
ncols 346 
nrows 473 
xllcorner    300390.000000
yllcorner    4902150.000000
cellsize 30
nodata_value -32766
[rows 74 to 110 of 473, columns 252 to 335 of 346]
1567 1556 1547 1540 1534 1528 1522 1516 1508 1500 1492 1482 1473 1471 1476 1477 1476 1462 1454 1447 1440 1431 1419 1407 1401 1403 1403 1401 1397 1395 1400 1407 1411 1410 1406 1398 1393 1390 1385 1379 1375 1373 1373 1372 1374 1374 1378 1380 1380 1380 1380 1380 1379 1378 1377 1377 1376 1376 1376 1376 1377 1376 1374 1375 1378 1379 1380 1383 1400 1408 1411 1412 1408 1407 1408 1410 1413 1418 1422 1420 1413 1404 1405 1417
1578 1569 1562 1555 1546 1538 1532 1524 1516 1508 1499 1490 1479 1480 1478 1475 1472 1474 1474 1459 1448 1436 1420 1416 1415 1412 1408 1405 1400 1401 1413 1416 1416 1413 1406 1397 1396 1394 1388 1379 1375 1373 1373 1374 1375 1377 1378 1379 1382 1382 1382 1382 1381 1380 1379 1379 1378 1378 1378 1378 1378 1377 1375 1374 1371 1370 1370 1374 1388 1398 1401 1399 1405 1403 1404 1407 1412 1418 1418 1415 1405 1397 1401 1408
1591 1582 1575 1567 1557 1548 1540 1533 1524 1515 1506 1497 1497 1497 1494 1487 1483 1483 1479 1466 1451 1436 1431 1428 1424 1419 1413 1412 1416 1422 1424 1423 1421 1415 1410 1404 1402 1399 1393 1381 1376 1374 1374 1375 1376 1379 1380 1381 1384 1384 1385 1384 1383 1383 1382 1382 1381 1380 1380 1381 1381 1378 1376 1375 1374 1372 1372 1372 1378 1389 1394 1399 1401 1400 1400 1402 1405 1410 1409 1405 1398 1393 1394 1394
1601 1594 1586 1578 1567 1555 1547 1539 1529 1520 1512 1508 1506 1504 1502 1500 1497 1487 1476 1464 1453 1444 1441 1442 1435 1426 1417 1417 1429 1435 1435 1431 1425 1417 1416 1411 1407 1403 1396 1393 1384 1378 1377 1375 1377 1380 1382 1385 1385 1386 1387 1387 1386 1386 1385 1385 1384 1383 1383 1383 1382 1379 1377 1377 1376 1374 1373 1374 1376 1383 1392 1398 1397 1394 1395 1397 1400 1400 1396 1396 1394 1391 1391 1392
1610 1602 1594 1585 1575 1561 1551 1542 1533 1524 1517 1513 1513 1512 1508 1501 1494 1489 1479 1475 1468 1461 1459 1454 1445 1435 1426 1431 1440 1443 1442 1438 1430 1424 1421 1417 1412 1412 1411 1407 1396 1388 1381 1379 1378 1383 1384 1386 1388 1388 1390 1391 1391 1390 1390 1389 1387 1386 1386 1385 1383 1380 1379 1379 1378 1376 1375 1374 1375 1377 1384 1386 1378 1384 1389 1392 1395 1396 1393 1391 1391 1390 1391 1395
1617 1608 1600 1588 1576 1564 1553 1543 1534 1531 1526 1523 1521 1518 1514 1505 1498 1498 1496 1488 1482 1474 1469 1464 1455 1442 1435 1440 1448 1449 1447 1442 1434 1429 1425 1421 1416 1420 1428 1431 1420 1397 1391 1387 1383 1383 1385 1387 1389 1391 1392 1394 1394 1394 1394 1393 1392 1390 1388 1387 1385 1383 1382 1381 1380 1378 1377 1375 1375 1375 1377 1379 1377 1381 1384 1387 1390 1390 1389 1390 1391 1392 1394 1396
1625 1612 1600 1581 1573 1564 1559 1556 1551 1543 1538 1534 1529 1523 1517 1511 1508 1507 1504 1498 1490 1483 1480 1474 1464 1458 1452 1449 1455 1456 1453 1443 1436 1434 1431 1427 1426 1436 1446 1454 1449 1422 1397 1393 1389 1388 1388 1389 1390 1393 1395 1397 1398 1398 1398 1397 1395 1392 1390 1389 1388 1387 1385 1384 1383 1381 1379 1377 1378 1377 1375 1376 1378 1381 1383 1386 1388 1388 1389 1391 1393 1394 1395 1395
1634 1617 1593 1575 1571 1568 1575 1569 1564 1559 1552 1543 1535 1527 1518 1516 1518 1516 1512 1505 1497 1495 1491 1481 1473 1469 1464 1458 1462 1463 1460 1453 1443 1441 1437 1433 1434 1444 1460 1478 1479 1456 1418 1396 1394 1393 1390 1391 1392 1394 1396 1398 1400 1401 1400 1399 1397 1394 1392 1392 1391 1391 1389 1388 1386 1385 1383 1381 1381 1381 1378 1380 1382 1384 1387 1389 1389 1389 1391 1393 1396 1398 1399 1399
1641 1619 1604 1595 1579 1571 1574 1577 1572 1566 1560 1552 1537 1531 1531 1528 1527 1524 1519 1513 1508 1505 1499 1490 1483 1481 1476 1471 1470 1472 1468 1458 1451 1448 1443 1437 1438 1449 1477 1486 1486 1480 1451 1406 1396 1395 1394 1394 1394 1395 1396 1400 1402 1403 1403 1400 1397 1394 1395 1395 1394 1394 1392 1391 1390 1389 1388 1386 1386 1385 1385 1386 1388 1390 1390 1392 1393 1393 1393 1396 1399 1402 1403 1403
1648 1634 1630 1614 1599 1580 1556 1555 1570 1558 1556 1552 1535 1535 1538 1539 1537 1532 1527 1520 1517 1515 1509 1500 1498 1496 1489 1480 1478 1482 1477 1465 1457 1456 1452 1445 1445 1450 1465 1475 1478 1481 1475 1433 1398 1396 1395 1397 1397 1396 1397 1401 1404 1405 1405 1402 1398 1396 1397 1397 1397 1396 1396 1395 1394 1393 1392 1391 1391 1392 1391 1392 1395 1397 1397 1397 1397 1397 1398 1401 1404 1407 1408 1408
1654 1654 1650 1640 1617 1596 1575 1552 1555 1555 1554 1541 1534 1547 1551 1549 1544 1539 1533 1531 1528 1525 1520 1516 1512 1507 1502 1495 1491 1492 1486 1474 1468 1466 1461 1454 1450 1451 1461 1469 1473 1474 1474 1445 1414 1397 1397 1400 1400 1398 1398 1402 1406 1407 1406 1403 1398 1401 1404 1405 1405 1404 1403 1401 1399 1397 1396 1394 1395 1397 1397 1396 1399 1404 1404 1404 1404 1405 1408 1410 1412 1413 1413 1413
1667 1666 1666 1657 1640 1611 1583 1560 1554 1553 1550 1545 1550 1560 1561 1557 1551 1547 1543 1541 1539 1535 1531 1527 1523 1518 1512 1505 1501 1501 1497 1484 1479 1478 1472 1462 1456 1454 1457 1470 1479 1474 1458 1445 1425 1414 1409 1405 1403 1399 1399 1403 1408 1409 1409 1406 1406 1411 1414 1417 1419 1421 1421 1420 1417 1411 1405 1399 1398 1403 1405 1405 1410 1414 1414 1412 1413 1416 1418 1420 1420 1421 1421 1420
1677 1671 1673 1675 1647 1613 1592 1587 1582 1573 1563 1563 1572 1572 1567 1564 1557 1556 1553 1551 1548 1545 1541 1537 1533 1528 1522 1515 1511 1510 1505 1497 1496 1492 1484 1473 1468 1462 1455 1468 1480 1480 1463 1451 1439 1429 1420 1413 1407 1405 1406 1406 1409 1411 1412 1413 1413 1417 1425 1432 1439 1442 1445 1441 1434 1426 1418 1409 1411 1417 1417 1416 1421 1423 1423 1418 1421 1426 1430 1432 1434 1434 1434 1431
1683 1675 1667 1657 1643 1627 1617 1608 1602 1597 1590 1587 1585 1580 1573 1573 1571 1569 1566 1562 1558 1554 1551 1547 1542 1538 1532 1525 1520 1519 1515 1509 1507 1504 1498 1487 1484 1480 1470 1463 1478 1482 1477 1465 1459 1448 1432 1419 1413 1411 1411 1412 1411 1414 1416 1416 1415 1429 1444 1458 1459 1458 1459 1460 1449 1438 1426 1417 1422 1428 1428 1427 1431 1433 1431 1430 1434 1438 1443 1446 1447 1448 1448 1446
1691 1685 1676 1669 1659 1649 1638 1627 1619 1612 1606 1601 1596 1590 1585 1584 1584 1582 1579 1575 1570 1565 1561 1556 1551 1546 1541 1534 1530 1528 1524 1518 1517 1513 1506 1502 1499 1493 1484 1476 1476 1488 1484 1476 1469 1463 1452 1430 1416 1413 1414 1415 1415 1417 1422 1424 1424 1436 1453 1457 1456 1454 1453 1451 1446 1438 1430 1435 1442 1443 1440 1436 1440 1443 1439 1440 1447 1453 1456 1459 1461 1462 1462 1462
1706 1699 1692 1684 1677 1666 1655 1644 1634 1626 1619 1613 1607 1600 1597 1597 1596 1594 1590 1586 1582 1577 1571 1566 1560 1555 1550 1544 1540 1538 1535 1529 1524 1519 1513 1511 1509 1504 1499 1486 1476 1492 1497 1488 1477 1471 1465 1450 1420 1415 1417 1418 1418 1424 1435 1438 1439 1438 1438 1451 1455 1455 1452 1449 1445 1435 1437 1452 1458 1458 1454 1450 1453 1455 1453 1458 1464 1469 1472 1474 1475 1475 1475 1472
1721 1717 1712 1702 1692 1683 1673 1661 1649 1639 1631 1623 1617 1611 1609 1608 1607 1604 1601 1598 1593 1588 1581 1575 1569 1563 1559 1555 1550 1545 1541 1536 1531 1526 1522 1520 1517 1514 1508 1500 1491 1493 1501 1498 1491 1483 1475 1465 1432 1416 1419 1422 1428 1438 1452 1452 1449 1446 1450 1450 1453 1454 1454 1452 1448 1453 1455 1464 1471 1475 1476 1465 1471 1471 1470 1477 1481 1483 1485 1485 1485 1485 1485 1483
1736 1732 1728 1722 1714 1701 1690 1679 1666 1653 1642 1633 1627 1622 1620 1620 1618 1615 1611 1608 1603 1598 1591 1584 1576 1570 1565 1561 1557 1551 1546 1541 1536 1533 1530 1527 1524 1521 1517 1510 1500 1496 1505 1502 1500 1498 1490 1479 1450 1418 1421 1424 1431 1458 1463 1462 1458 1456 1456 1456 1458 1460 1460 1458 1457 1465 1469 1474 1483 1488 1488 1485 1486 1485 1486 1490 1493 1494 1495 1495 1495 1495 1494 1493
1762 1758 1752 1742 1733 1721 1708 1697 1683 1668 1654 1644 1635 1633 1632 1631 1629 1626 1622 1618 1612 1606 1600 1593 1584 1575 1570 1565 1560 1554 1550 1547 1543 1540 1537 1534 1530 1526 1522 1518 1512 1509 1511 1508 1504 1502 1498 1487 1461 1431 1426 1427 1435 1464 1472 1468 1466 1465 1466 1469 1473 1476 1476 1473 1471 1478 1483 1488 1497 1500 1500 1498 1500 1497 1500 1503 1505 1505 1506 1506 1506 1505 1505 1503
1782 1779 1774 1767 1757 1745 1730 1713 1699 1683 1667 1655 1650 1647 1645 1643 1641 1637 1634 1628 1621 1614 1608 1601 1593 1582 1574 1569 1565 1560 1556 1553 1549 1546 1542 1539 1535 1531 1527 1523 1519 1517 1516 1512 1508 1505 1500 1484 1456 1430 1426 1427 1444 1473 1480 1475 1474 1475 1479 1485 1490 1492 1492 1488 1485 1490 1497 1502 1508 1512 1514 1514 1515 1512 1513 1514 1516 1517 1517 1517 1517 1516 1515 1514
1798 1797 1795 1790 1783 1774 1758 1739 1717 1700 1686 1675 1668 1662 1658 1655 1652 1648 1644 1638 1632 1624 1615 1607 1600 1591 1580 1574 1571 1567 1563 1559 1555 1551 1547 1543 1539 1535 1531 1526 1523 1521 1519 1515 1510 1506 1494 1470 1442 1428 1427 1431 1455 1475 1483 1484 1485 1490 1496 1500 1502 1504 1504 1501 1497 1502 1508 1514 1519 1523 1525 1526 1527 1526 1526 1526 1527 1527 1527 1527 1527 1526 1525 1523
1815 1815 1814 1810 1805 1798 1788 1771 1749 1728 1717 1705 1691 1680 1673 1668 1664 1659 1654 1649 1642 1634 1624 1614 1606 1598 1590 1584 1579 1574 1570 1565 1560 1555 1550 1546 1542 1538 1533 1529 1526 1523 1519 1514 1509 1505 1489 1456 1430 1430 1431 1441 1460 1477 1486 1492 1497 1502 1506 1509 1511 1512 1512 1512 1511 1513 1518 1524 1529 1533 1535 1537 1538 1538 1538 1538 1538 1538 1538 1538 1537 1536 1535 1532
1832 1834 1835 1834 1829 1820 1811 1801 1789 1772 1754 1734 1720 1706 1693 1684 1676 1671 1665 1660 1653 1644 1635 1623 1613 1607 1601 1597 1591 1583 1576 1570 1565 1559 1554 1549 1545 1540 1535 1531 1527 1522 1517 1512 1506 1500 1487 1455 1437 1440 1439 1447 1463 1479 1492 1499 1506 1511 1516 1519 1521 1523 1524 1524 1522 1523 1528 1533 1538 1542 1545 1548 1549 1550 1551 1551 1550 1549 1548 1547 1545 1544 1542 1540
1846 1851 1854 1856 1856 1850 1837 1824 1811 1800 1787 1774 1753 1734 1718 1704 1694 1686 1678 1671 1664 1655 1645 1634 1626 1619 1612 1606 1600 1593 1585 1576 1570 1564 1557 1552 1547 1542 1537 1532 1528 1521 1515 1510 1503 1494 1481 1456 1446 1444 1445 1451 1467 1485 1499 1508 1515 1521 1525 1529 1532 1535 1536 1537 1536 1534 1538 1543 1548 1552 1556 1558 1561 1562 1562 1562 1562 1560 1558 1555 1554 1552 1550 1547
1857 1862 1868 1871 1872 1868 1859 1847 1834 1820 1807 1794 1782 1765 1743 1728 1712 1702 1692 1683 1675 1667 1656 1647 1639 1632 1623 1615 1608 1601 1594 1584 1575 1568 1561 1555 1550 1545 1539 1534 1529 1522 1516 1510 1502 1494 1482 1463 1451 1446 1447 1455 1474 1494 1507 1516 1524 1530 1534 1539 1542 1546 1547 1548 1548 1547 1549 1553 1558 1563 1567 1570 1572 1573 1573 1573 1572 1570 1568 1566 1563 1560 1557 1554
1865 1871 1876 1879 1880 1879 1873 1864 1852 1838 1823 1810 1797 1785 1773 1748 1734 1718 1706 1696 1687 1678 1668 1657 1649 1641 1633 1623 1615 1608 1601 1593 1582 1573 1566 1559 1553 1547 1542 1537 1531 1524 1518 1511 1504 1496 1483 1467 1455 1453 1454 1460 1481 1500 1515 1524 1533 1539 1544 1549 1553 1556 1559 1560 1560 1558 1560 1566 1572 1576 1580 1583 1584 1585 1585 1585 1584 1581 1579 1577 1573 1570 1566 1561
1871 1875 1879 1885 1888 1887 1882 1875 1865 1852 1837 1824 1811 1797 1786 1775 1750 1737 1723 1710 1698 1688 1678 1668 1657 1648 1640 1631 1622 1614 1607 1600 1591 1580 1571 1563 1555 1550 1544 1539 1533 1527 1520 1514 1506 1498 1484 1469 1457 1455 1459 1468 1487 1506 1521 1531 1540 1548 1554 1559 1564 1568 1571 1573 1574 1573 1574 1580 1584 1589 1592 1595 1597 1598 1598 1597 1596 1594 1590 1587 1583 1579 1575 1569
1874 1879 1883 1888 1891 1893 1890 1882 1873 1860 1846 1835 1821 1807 1795 1785 1774 1751 1737 1723 1710 1698 1687 1677 1666 1655 1646 1637 1628 1620 1612 1605 1597 1587 1575 1567 1559 1552 1547 1541 1535 1529 1522 1516 1507 1498 1485 1469 1458 1455 1460 1472 1492 1510 1525 1537 1547 1555 1563 1569 1575 1578 1580 1583 1584 1585 1587 1591 1596 1600 1603 1606 1607 1608 1608 1607 1605 1603 1600 1597 1593 1588 1582 1575
1874 1878 1881 1885 1888 1891 1892 1887 1878 1866 1851 1839 1828 1814 1802 1791 1782 1770 1751 1736 1722 1708 1694 1684 1674 1663 1652 1642 1633 1624 1616 1608 1601 1593 1581 1571 1562 1555 1549 1542 1536 1530 1524 1517 1508 1498 1484 1469 1458 1456 1462 1473 1494 1512 1527 1541 1552 1562 1570 1577 1581 1584 1588 1590 1594 1597 1598 1600 1605 1609 1614 1616 1617 1617 1617 1616 1614 1612 1609 1605 1601 1596 1590 1582
1873 1876 1879 1882 1884 1886 1887 1884 1879 1870 1851 1841 1831 1818 1807 1797 1787 1777 1762 1747 1733 1717 1702 1690 1680 1669 1656 1646 1636 1627 1619 1611 1604 1597 1586 1575 1566 1557 1550 1544 1537 1531 1525 1518 1509 1498 1482 1469 1461 1459 1468 1485 1500 1514 1530 1544 1557 1569 1577 1582 1586 1590 1594 1598 1603 1606 1608 1609 1611 1617 1620 1623 1624 1625 1625 1625 1623 1620 1617 1613 1609 1604 1598 1595
1869 1872 1875 1877 1879 1881 1882 1879 1876 1867 1849 1840 1831 1820 1810 1800 1790 1780 1770 1754 1741 1726 1711 1695 1684 1673 1660 1649 1639 1630 1621 1613 1606 1598 1589 1578 1568 1559 1552 1545 1538 1532 1526 1519 1509 1496 1479 1469 1467 1472 1487 1503 1513 1521 1532 1547 1561 1574 1580 1586 1591 1596 1602 1607 1613 1617 1619 1619 1620 1623 1626 1629 1631 1633 1634 1634 1632 1629 1625 1621 1616 1610 1608 1606
1864 1867 1870 1872 1874 1875 1876 1876 1871 1858 1845 1838 1829 1821 1812 1801 1790 1782 1773 1759 1745 1732 1715 1699 1687 1675 1661 1649 1640 1630 1621 1613 1606 1599 1590 1578 1569 1560 1553 1546 1540 1533 1527 1520 1509 1492 1475 1469 1469 1483 1498 1510 1520 1530 1541 1552 1563 1576 1583 1589 1595 1602 1609 1615 1621 1627 1631 1632 1631 1630 1632 1634 1635 1636 1637 1637 1636 1635 1634 1629 1623 1618 1616 1616
1856 1859 1861 1864 1866 1868 1869 1867 1858 1848 1840 1834 1827 1819 1811 1800 1790 1782 1774 1760 1746 1732 1717 1701 1688 1676 1662 1650 1640 1630 1620 1612 1605 1597 1588 1577 1568 1559 1553 1548 1541 1535 1529 1521 1510 1491 1474 1471 1475 1492 1504 1514 1523 1535 1549 1559 1567 1575 1584 1591 1598 1606 1615 1622 1631 1636 1636 1636 1636 1635 1635 1636 1637 1638 1639 1639 1639 1638 1637 1635 1631 1627 1623 1621
1848 1850 1851 1851 1852 1852 1850 1848 1844 1839 1833 1828 1821 1815 1807 1796 1787 1779 1772 1757 1744 1731 1716 1702 1688 1674 1660 1648 1638 1627 1616 1608 1601 1594 1583 1573 1565 1557 1552 1548 1543 1538 1532 1525 1514 1493 1474 1471 1477 1494 1506 1514 1526 1537 1553 1563 1572 1580 1589 1596 1600 1609 1616 1624 1634 1638 1637 1637 1637 1638 1639 1638 1640 1640 1641 1641 1641 1640 1640 1638 1636 1634 1629 1624
1839 1833 1835 1837 1838 1839 1838 1836 1834 1829 1825 1820 1815 1809 1799 1790 1781 1774 1764 1751 1739 1726 1713 1700 1685 1671 1656 1642 1631 1619 1609 1602 1595 1586 1576 1567 1560 1554 1551 1548 1545 1541 1536 1530 1521 1499 1476 1471 1477 1493 1508 1516 1530 1540 1552 1564 1575 1584 1591 1598 1603 1609 1613 1618 1627 1633 1635 1635 1637 1638 1639 1641 1641 1642 1643 1643 1643 1643 1641 1640 1638 1635 1631 1625
1834 1828 1825 1824 1824 1826 1825 1823 1820 1817 1814 1810 1805 1797 1788 1779 1771 1764 1754 1744 1732 1719 1707 1695 1681 1664 1647 1631 1620 1609 1600 1593 1584 1576 1567 1559 1553 1550 1549 1547 1545 1542 1540 1536 1526 1507 1479 1471 1478 1496 1511 1524 1538 1549 1558 1569 1576 1587 1593 1598 1604 1609 1611 1614 1621 1629 1632 1633 1634 1636 1638 1640 1642 1643 1645 1645 1645 1645 1643 1642 1640 1635 1632 1629
1831 1825 1819 1813 1810 1809 1808 1807 1805 1802 1799 1794 1789 1781 1773 1766 1759 1751 1743 1734 1723 1711 1699 1687 1674 1651 1628 1616 1603 1593 1585 1578 1570 1562 1555 1550 1546 1542 1544 1546 1545 1542 1541 1538 1532 1510 1483 1474 1486 1500 1515 1529 1543 1556 1567 1577 1585 1592 1597 1602 1607 1611 1615 1617 1621 1627 1629 1631 1632 1634 1635 1638 1643 1643 1646 1647 1647 1646 1645 1643 1639 1634 1632 1632
