toolbox/map/mapdemos/MountDartmouth-ft.grd
ncols 346 
nrows 473 
xllcorner    300390.000000
yllcorner    4902150.000000
cellsize 30
nodata_value -32766
[rows 407 to 443 of 473, columns 84 to 167 of 346]
1555 1555 1555 1555 1556 1557 1557 1557 1557 1559 1560 1563 1564 1566 1567 1568 1569 1570 1570 1570 1571 1573 1574 1588 1601 1613 1627 1639 1647 1653 1666 1680 1695 1707 1716 1725 1732 1737 1753 1766 1782 1799 1817 1835 1853 1868 1887 1898 1901 1901 1893 1872 1877 1900 1906 1903 1896 1884 1869 1843 1812 1788 1773 1759 1747 1736 1727 1718 1709 1699 1691 1685 1679 1673 1670 1673 1680 1687 1693 1700 1705 1711 1716 1721
1555 1555 1555 1555 1556 1557 1557 1556 1556 1557 1560 1562 1563 1564 1566 1567 1568 1568 1568 1569 1570 1572 1572 1574 1582 1596 1606 1615 1627 1642 1658 1668 1680 1690 1698 1706 1711 1721 1734 1747 1761 1776 1788 1803 1819 1833 1847 1863 1869 1870 1863 1854 1854 1866 1883 1889 1884 1876 1865 1843 1814 1789 1762 1747 1739 1730 1722 1714 1704 1694 1688 1682 1677 1672 1669 1674 1679 1685 1691 1696 1701 1707 1712 1716
1555 1555 1555 1555 1555 1555 1555 1555 1555 1556 1559 1560 1562 1563 1563 1564 1566 1567 1567 1568 1569 1570 1570 1571 1573 1574 1586 1597 1612 1633 1648 1658 1666 1672 1679 1686 1692 1705 1717 1728 1741 1755 1769 1780 1790 1802 1814 1824 1831 1836 1837 1831 1827 1843 1854 1862 1865 1864 1855 1838 1815 1792 1764 1746 1732 1725 1717 1708 1698 1690 1684 1678 1674 1670 1668 1672 1677 1682 1687 1692 1696 1701 1707 1712
1555 1555 1555 1555 1555 1555 1555 1555 1556 1557 1558 1559 1561 1562 1563 1564 1565 1566 1566 1567 1568 1569 1569 1570 1571 1573 1578 1593 1606 1622 1637 1648 1655 1659 1662 1665 1673 1688 1701 1713 1723 1733 1747 1760 1771 1779 1788 1797 1805 1809 1811 1808 1803 1816 1829 1838 1846 1847 1845 1832 1815 1793 1768 1749 1731 1721 1712 1701 1692 1685 1680 1675 1667 1663 1664 1669 1674 1678 1682 1686 1690 1695 1702 1707
1555 1555 1555 1555 1555 1555 1556 1556 1556 1558 1558 1560 1561 1562 1563 1563 1564 1565 1565 1566 1567 1568 1569 1570 1570 1572 1574 1584 1598 1610 1625 1636 1642 1647 1649 1651 1659 1671 1685 1697 1708 1717 1726 1737 1749 1759 1766 1773 1781 1786 1787 1785 1780 1790 1805 1815 1821 1828 1833 1826 1814 1794 1768 1751 1733 1718 1706 1694 1686 1680 1676 1667 1654 1654 1660 1665 1669 1673 1676 1680 1686 1691 1697 1702
1555 1555 1555 1555 1555 1555 1555 1557 1557 1558 1559 1559 1561 1561 1562 1562 1563 1564 1565 1566 1566 1567 1568 1569 1570 1571 1573 1575 1587 1600 1613 1623 1632 1635 1636 1641 1649 1657 1667 1679 1691 1702 1713 1720 1727 1737 1748 1755 1761 1767 1769 1767 1764 1771 1785 1794 1800 1805 1816 1819 1814 1792 1767 1749 1732 1718 1703 1689 1679 1673 1667 1655 1651 1652 1656 1660 1664 1667 1670 1674 1680 1687 1692 1697
1555 1555 1555 1555 1555 1556 1556 1558 1558 1558 1559 1560 1560 1561 1561 1562 1563 1564 1565 1566 1567 1567 1567 1569 1570 1571 1572 1574 1575 1589 1601 1611 1618 1622 1625 1632 1640 1647 1654 1663 1673 1683 1693 1703 1711 1718 1727 1735 1743 1747 1751 1750 1749 1753 1767 1774 1778 1787 1800 1810 1808 1800 1780 1750 1730 1716 1701 1688 1676 1664 1656 1650 1647 1648 1652 1655 1657 1660 1665 1670 1676 1682 1688 1692
1554 1555 1555 1555 1555 1557 1558 1557 1559 1558 1559 1559 1560 1560 1561 1562 1563 1564 1564 1565 1566 1567 1568 1569 1570 1571 1572 1573 1574 1580 1594 1602 1607 1610 1612 1622 1631 1638 1644 1651 1658 1666 1674 1683 1691 1699 1711 1718 1725 1730 1733 1735 1734 1731 1745 1753 1759 1772 1787 1798 1802 1803 1795 1759 1734 1713 1697 1684 1673 1658 1647 1642 1642 1644 1647 1649 1651 1653 1659 1665 1672 1678 1683 1688
1554 1554 1555 1556 1557 1557 1558 1558 1558 1557 1558 1558 1559 1560 1561 1562 1563 1564 1565 1566 1567 1568 1569 1571 1572 1574 1575 1575 1574 1574 1586 1597 1600 1601 1607 1613 1622 1629 1635 1641 1647 1653 1660 1666 1671 1679 1691 1702 1710 1716 1719 1719 1716 1711 1724 1731 1743 1757 1772 1785 1793 1795 1790 1765 1742 1719 1696 1677 1666 1655 1643 1633 1637 1640 1642 1644 1646 1649 1655 1661 1668 1674 1678 1682
1554 1554 1554 1555 1557 1557 1557 1556 1555 1555 1556 1558 1559 1560 1561 1562 1563 1564 1565 1565 1566 1568 1569 1572 1573 1574 1575 1575 1574 1573 1572 1582 1592 1593 1600 1606 1613 1619 1625 1631 1636 1641 1646 1651 1656 1664 1672 1684 1693 1700 1704 1704 1700 1693 1703 1711 1727 1740 1753 1767 1776 1783 1778 1765 1747 1723 1699 1678 1660 1649 1640 1632 1633 1635 1637 1638 1640 1645 1651 1657 1663 1669 1672 1676
1555 1554 1554 1554 1555 1555 1555 1555 1555 1555 1556 1557 1558 1559 1560 1561 1561 1562 1563 1564 1566 1567 1568 1569 1572 1572 1573 1573 1573 1570 1568 1574 1582 1588 1594 1599 1604 1609 1614 1619 1624 1629 1633 1637 1644 1654 1661 1668 1674 1683 1688 1688 1684 1674 1679 1697 1710 1723 1735 1748 1757 1763 1766 1761 1747 1723 1696 1675 1659 1646 1636 1631 1629 1631 1632 1632 1633 1639 1646 1652 1658 1663 1667 1671
1558 1554 1554 1554 1554 1554 1554 1554 1554 1554 1554 1556 1557 1559 1560 1560 1561 1562 1563 1564 1565 1566 1568 1570 1570 1569 1567 1566 1561 1561 1561 1566 1571 1578 1585 1589 1595 1600 1604 1608 1613 1616 1618 1621 1631 1642 1652 1658 1662 1667 1670 1671 1670 1667 1670 1682 1697 1707 1717 1728 1737 1745 1753 1755 1745 1719 1690 1669 1653 1643 1633 1629 1627 1626 1628 1628 1630 1634 1641 1647 1653 1658 1662 1666
1583 1567 1557 1554 1555 1553 1554 1554 1554 1554 1554 1555 1556 1557 1559 1560 1561 1561 1563 1563 1565 1566 1568 1568 1567 1565 1561 1561 1561 1565 1566 1561 1566 1570 1576 1575 1579 1587 1594 1597 1600 1602 1603 1608 1618 1629 1639 1647 1653 1657 1660 1661 1661 1660 1662 1670 1683 1694 1702 1710 1720 1728 1738 1746 1741 1727 1705 1680 1656 1645 1635 1627 1624 1621 1622 1624 1626 1630 1636 1642 1648 1653 1657 1660
1601 1591 1577 1562 1553 1553 1555 1557 1558 1555 1555 1555 1555 1557 1558 1559 1560 1561 1562 1563 1564 1566 1567 1566 1564 1561 1565 1567 1569 1570 1570 1566 1561 1567 1568 1569 1569 1571 1577 1584 1588 1589 1589 1597 1607 1617 1627 1634 1641 1647 1650 1652 1653 1651 1655 1662 1669 1678 1687 1696 1703 1711 1723 1733 1735 1729 1715 1695 1669 1651 1640 1630 1618 1615 1618 1620 1623 1626 1631 1636 1642 1647 1651 1654
1612 1605 1595 1581 1573 1567 1564 1564 1562 1557 1555 1555 1555 1556 1557 1558 1559 1561 1562 1563 1565 1566 1565 1564 1561 1565 1568 1570 1572 1573 1573 1571 1567 1561 1564 1565 1565 1566 1568 1573 1575 1575 1577 1589 1599 1608 1616 1623 1630 1636 1640 1643 1644 1646 1649 1655 1660 1666 1670 1676 1685 1696 1708 1719 1726 1725 1716 1702 1679 1658 1645 1634 1619 1613 1615 1617 1618 1619 1625 1631 1636 1641 1645 1647
1630 1620 1610 1596 1592 1585 1579 1573 1569 1562 1554 1555 1555 1555 1556 1558 1559 1560 1562 1564 1565 1564 1564 1561 1564 1567 1569 1570 1571 1572 1573 1573 1570 1566 1561 1564 1566 1564 1565 1568 1570 1569 1572 1581 1590 1599 1606 1612 1618 1625 1631 1635 1636 1636 1643 1648 1653 1657 1660 1665 1671 1684 1696 1708 1715 1717 1715 1705 1691 1665 1651 1638 1622 1610 1611 1613 1613 1613 1616 1624 1631 1636 1639 1641
1646 1635 1623 1614 1608 1602 1595 1588 1579 1572 1563 1555 1555 1555 1555 1556 1557 1559 1562 1564 1565 1563 1561 1565 1566 1569 1570 1571 1571 1572 1573 1574 1574 1570 1566 1561 1563 1564 1566 1567 1568 1570 1572 1574 1585 1592 1597 1606 1610 1614 1619 1625 1628 1632 1637 1642 1646 1649 1652 1658 1665 1673 1686 1697 1705 1709 1709 1705 1696 1671 1656 1643 1627 1611 1606 1608 1609 1610 1612 1617 1624 1630 1633 1635
1662 1647 1637 1631 1625 1618 1612 1605 1597 1588 1577 1568 1557 1555 1555 1555 1556 1558 1561 1563 1561 1561 1565 1568 1570 1571 1571 1571 1571 1572 1573 1574 1575 1574 1570 1565 1561 1564 1565 1567 1571 1573 1577 1583 1589 1596 1602 1614 1621 1636 1633 1630 1631 1633 1633 1636 1639 1643 1648 1654 1661 1668 1677 1688 1696 1701 1702 1701 1695 1677 1662 1650 1634 1614 1605 1605 1607 1607 1609 1613 1618 1623 1627 1629
1681 1666 1658 1650 1642 1635 1628 1621 1613 1605 1597 1586 1573 1560 1555 1555 1555 1555 1561 1561 1561 1567 1571 1573 1573 1572 1571 1572 1572 1572 1573 1573 1574 1575 1574 1568 1564 1561 1564 1567 1572 1575 1581 1589 1596 1602 1611 1623 1635 1642 1634 1633 1631 1632 1631 1632 1634 1639 1644 1650 1657 1663 1670 1678 1687 1692 1694 1694 1691 1679 1668 1656 1640 1621 1608 1605 1604 1607 1607 1611 1614 1618 1622 1625
1696 1688 1681 1673 1661 1652 1644 1636 1628 1619 1610 1602 1593 1580 1567 1554 1555 1556 1561 1563 1567 1571 1574 1576 1575 1574 1574 1574 1574 1574 1574 1575 1575 1575 1575 1571 1566 1564 1561 1566 1572 1579 1584 1593 1598 1604 1611 1620 1633 1640 1634 1634 1633 1631 1630 1630 1631 1636 1641 1647 1653 1659 1665 1671 1678 1684 1687 1689 1687 1680 1671 1660 1646 1629 1613 1605 1604 1605 1606 1609 1612 1614 1618 1621
1715 1707 1700 1692 1682 1671 1660 1652 1643 1634 1624 1614 1605 1594 1585 1569 1554 1555 1561 1566 1571 1574 1577 1579 1578 1577 1575 1574 1574 1575 1575 1575 1575 1576 1576 1573 1569 1567 1563 1561 1569 1576 1584 1591 1595 1601 1606 1613 1625 1635 1634 1634 1634 1633 1629 1629 1630 1633 1639 1644 1649 1655 1660 1666 1671 1676 1680 1682 1682 1679 1673 1663 1651 1635 1618 1608 1604 1603 1605 1607 1610 1612 1614 1618
1741 1729 1719 1710 1701 1692 1679 1668 1657 1647 1637 1626 1615 1603 1594 1588 1581 1574 1567 1572 1574 1577 1580 1583 1583 1581 1578 1575 1575 1577 1579 1580 1580 1581 1578 1574 1572 1568 1566 1561 1566 1573 1581 1587 1591 1596 1601 1606 1613 1626 1634 1634 1634 1634 1630 1628 1627 1631 1636 1641 1646 1650 1655 1660 1665 1670 1674 1676 1677 1675 1671 1663 1655 1640 1625 1612 1606 1603 1605 1606 1608 1610 1612 1614
1767 1750 1740 1730 1719 1709 1697 1684 1671 1656 1647 1634 1625 1617 1609 1601 1594 1587 1579 1575 1575 1581 1587 1589 1589 1588 1584 1579 1579 1584 1587 1588 1587 1585 1581 1576 1573 1571 1568 1565 1561 1568 1576 1583 1587 1591 1594 1599 1604 1611 1623 1634 1634 1633 1633 1627 1626 1629 1633 1638 1642 1647 1651 1655 1659 1664 1668 1671 1672 1671 1668 1664 1656 1644 1630 1617 1608 1604 1604 1604 1605 1607 1610 1613
1783 1773 1758 1746 1736 1724 1711 1698 1684 1674 1663 1652 1643 1633 1625 1617 1608 1599 1590 1584 1583 1588 1593 1595 1596 1595 1592 1590 1591 1594 1595 1595 1593 1589 1584 1579 1575 1571 1569 1566 1561 1564 1571 1578 1584 1588 1590 1592 1595 1604 1610 1616 1626 1631 1631 1625 1624 1627 1631 1635 1639 1644 1647 1650 1653 1658 1662 1664 1666 1667 1665 1662 1656 1645 1632 1619 1610 1605 1604 1603 1604 1605 1607 1609
1794 1785 1777 1763 1750 1737 1723 1710 1701 1693 1680 1675 1666 1654 1643 1632 1623 1612 1600 1595 1591 1596 1601 1604 1605 1604 1600 1594 1598 1601 1601 1600 1598 1594 1589 1582 1577 1573 1570 1567 1565 1561 1566 1572 1579 1584 1587 1589 1594 1598 1603 1609 1612 1614 1618 1622 1621 1622 1626 1633 1637 1641 1644 1647 1650 1655 1658 1659 1660 1661 1661 1659 1655 1648 1639 1625 1611 1606 1602 1602 1603 1603 1605 1606
1808 1797 1787 1777 1765 1750 1732 1727 1719 1708 1697 1694 1687 1675 1660 1646 1634 1623 1613 1606 1597 1604 1611 1614 1614 1614 1610 1607 1605 1606 1607 1606 1602 1598 1592 1586 1580 1576 1573 1569 1566 1565 1561 1566 1573 1580 1585 1587 1590 1594 1599 1604 1608 1612 1616 1619 1617 1616 1618 1629 1635 1637 1640 1643 1647 1650 1653 1654 1655 1656 1656 1655 1652 1648 1642 1635 1612 1603 1602 1602 1601 1601 1602 1604
1823 1813 1801 1788 1777 1763 1754 1744 1732 1722 1718 1714 1705 1692 1675 1657 1645 1636 1627 1617 1610 1615 1620 1622 1622 1622 1619 1615 1612 1613 1614 1612 1608 1601 1595 1589 1583 1578 1574 1572 1569 1567 1565 1561 1567 1574 1581 1585 1588 1592 1597 1601 1606 1611 1615 1616 1613 1609 1611 1619 1629 1634 1637 1640 1643 1646 1648 1649 1651 1651 1652 1651 1650 1648 1643 1639 1617 1606 1602 1601 1600 1600 1600 1601
1838 1827 1817 1801 1788 1781 1774 1763 1748 1736 1734 1730 1721 1707 1688 1671 1661 1650 1638 1628 1623 1623 1626 1629 1630 1630 1628 1624 1618 1621 1620 1618 1613 1606 1597 1591 1585 1581 1577 1573 1570 1568 1568 1566 1561 1569 1580 1586 1589 1591 1594 1598 1603 1608 1612 1613 1600 1595 1604 1613 1622 1629 1633 1636 1639 1642 1643 1644 1645 1646 1647 1646 1647 1645 1643 1639 1625 1610 1603 1600 1599 1598 1598 1599
1855 1844 1830 1817 1809 1799 1790 1781 1766 1759 1757 1749 1737 1721 1704 1696 1683 1666 1650 1643 1636 1632 1632 1636 1638 1639 1638 1634 1629 1628 1627 1623 1618 1611 1599 1592 1588 1583 1579 1574 1570 1567 1567 1561 1561 1570 1577 1594 1593 1592 1593 1596 1599 1601 1603 1606 1597 1591 1597 1607 1616 1622 1628 1632 1635 1637 1638 1639 1640 1640 1640 1639 1641 1643 1641 1637 1628 1613 1604 1598 1597 1596 1596 1596
1873 1862 1849 1837 1828 1818 1807 1796 1785 1782 1779 1771 1754 1740 1733 1718 1699 1682 1675 1665 1654 1644 1640 1645 1647 1649 1649 1643 1636 1637 1634 1629 1622 1614 1602 1594 1591 1587 1581 1575 1568 1565 1561 1561 1565 1569 1575 1591 1594 1595 1595 1596 1595 1595 1598 1601 1595 1591 1593 1601 1610 1617 1622 1626 1629 1632 1633 1634 1636 1636 1634 1633 1635 1639 1640 1640 1635 1620 1609 1597 1594 1594 1594 1594
1885 1878 1867 1857 1848 1836 1824 1812 1804 1801 1793 1785 1772 1768 1753 1737 1711 1700 1695 1687 1674 1659 1652 1653 1657 1659 1659 1653 1648 1645 1641 1635 1626 1616 1608 1599 1596 1591 1583 1575 1566 1561 1561 1563 1564 1565 1567 1572 1582 1594 1596 1598 1594 1591 1594 1595 1593 1591 1589 1595 1604 1611 1617 1620 1622 1625 1627 1630 1631 1631 1630 1631 1634 1636 1639 1640 1639 1627 1605 1594 1592 1592 1593 1593
1902 1893 1885 1877 1866 1853 1839 1827 1824 1819 1812 1797 1790 1786 1776 1754 1728 1725 1719 1708 1694 1676 1665 1663 1668 1669 1666 1660 1657 1654 1648 1640 1631 1621 1614 1608 1601 1595 1586 1576 1567 1561 1561 1564 1564 1563 1564 1568 1571 1575 1591 1596 1595 1590 1589 1589 1588 1586 1586 1590 1596 1601 1609 1614 1613 1618 1622 1624 1626 1626 1627 1628 1631 1634 1637 1639 1640 1633 1608 1592 1589 1589 1592 1592
1919 1911 1901 1891 1882 1870 1853 1846 1841 1834 1824 1815 1811 1802 1789 1772 1765 1754 1743 1729 1712 1696 1678 1677 1682 1680 1675 1669 1665 1662 1655 1646 1635 1628 1620 1613 1606 1598 1587 1574 1568 1564 1561 1562 1563 1563 1563 1564 1566 1569 1574 1591 1595 1594 1585 1580 1581 1580 1580 1583 1588 1591 1595 1602 1607 1613 1618 1620 1622 1623 1623 1625 1628 1632 1637 1640 1639 1632 1611 1596 1589 1589 1589 1591
1935 1926 1917 1906 1895 1883 1874 1870 1860 1849 1837 1834 1828 1817 1800 1789 1785 1778 1768 1751 1731 1712 1693 1696 1698 1695 1687 1676 1675 1671 1662 1652 1642 1633 1625 1617 1609 1600 1593 1581 1573 1567 1561 1561 1563 1564 1562 1563 1562 1565 1568 1574 1592 1598 1593 1579 1575 1575 1575 1576 1580 1584 1589 1594 1597 1604 1614 1616 1618 1619 1619 1620 1621 1628 1635 1643 1640 1635 1621 1604 1591 1589 1589 1591
1952 1942 1933 1921 1910 1898 1893 1887 1879 1868 1853 1848 1840 1828 1817 1814 1806 1793 1783 1770 1752 1728 1710 1712 1711 1706 1696 1690 1687 1680 1671 1660 1648 1637 1627 1618 1610 1605 1598 1588 1579 1572 1566 1561 1563 1563 1563 1561 1562 1561 1564 1569 1574 1594 1600 1587 1570 1572 1573 1573 1574 1577 1580 1585 1589 1592 1600 1609 1612 1614 1615 1615 1615 1614 1631 1645 1642 1639 1631 1612 1594 1589 1589 1590
1968 1959 1951 1939 1926 1917 1911 1904 1894 1883 1876 1871 1858 1850 1843 1835 1825 1816 1798 1783 1765 1741 1728 1727 1723 1716 1707 1703 1698 1690 1678 1665 1651 1638 1629 1622 1616 1610 1603 1594 1584 1576 1569 1561 1561 1563 1563 1562 1561 1561 1562 1566 1570 1576 1596 1598 1574 1570 1570 1570 1572 1573 1574 1578 1583 1587 1591 1596 1601 1605 1607 1608 1607 1609 1619 1639 1647 1642 1634 1614 1597 1589 1589 1590
1981 1974 1966 1959 1950 1939 1929 1920 1911 1899 1892 1887 1879 1873 1867 1855 1842 1829 1815 1797 1774 1751 1747 1741 1734 1725 1716 1714 1708 1697 1683 1666 1651 1640 1633 1629 1623 1617 1610 1600 1590 1582 1571 1566 1561 1564 1563 1563 1563 1560 1562 1564 1568 1570 1576 1588 1577 1571 1570 1569 1570 1571 1573 1575 1578 1583 1587 1590 1592 1595 1598 1599 1600 1603 1614 1631 1639 1640 1628 1612 1599 1591 1589 1589
