toolbox/map/mapdemos/MountDartmouth-ft.grd
ncols 346 
nrows 473 
xllcorner    300390.000000
yllcorner    4902150.000000
cellsize 30
nodata_value -32766
[rows 370 to 406 of 473, columns 84 to 167 of 346]
1712 1716 1718 1718 1724 1732 1753 1775 1798 1813 1829 1852 1881 1898 1911 1925 1939 1955 1972 1984 1997 2010 2021 2033 2045 2060 2076 2095 2114 2129 2147 2162 2179 2194 2207 2219 2234 2248 2254 2256 2254 2247 2242 2234 2226 2216 2212 2205 2192 2174 2154 2135 2115 2094 2073 2059 2047 2034 2021 2010 2002 1998 1999 1997 1992 1985 1977 1979 1984 1993 1998 1999 1999 2005 2006 2008 2010 2006 2012 2017 2019 2024 2032 2040
1707 1712 1713 1712 1717 1733 1753 1768 1794 1810 1828 1849 1878 1896 1910 1926 1939 1953 1968 1980 1993 2007 2019 2031 2044 2061 2079 2100 2115 2130 2148 2165 2181 2195 2209 2221 2237 2251 2262 2267 2264 2253 2238 2224 2215 2207 2197 2192 2181 2162 2142 2126 2105 2085 2065 2054 2042 2029 2017 2006 1991 1983 1983 1982 1978 1973 1965 1963 1966 1972 1981 1983 1983 1986 1990 1994 1995 1994 1997 2001 2002 2008 2015 2021
1699 1705 1707 1708 1715 1732 1750 1762 1780 1801 1821 1845 1872 1892 1907 1923 1937 1950 1964 1976 1988 2002 2016 2029 2043 2060 2080 2101 2115 2130 2149 2166 2181 2196 2210 2223 2239 2257 2279 2289 2287 2271 2252 2231 2212 2196 2183 2171 2159 2146 2128 2113 2095 2074 2059 2049 2036 2024 2012 1998 1983 1968 1968 1968 1966 1961 1952 1948 1952 1959 1965 1969 1967 1972 1975 1978 1978 1974 1982 1987 1987 1991 1998 2005
1695 1699 1702 1705 1713 1728 1743 1755 1765 1782 1807 1832 1858 1882 1900 1917 1932 1945 1959 1972 1984 1997 2011 2026 2041 2058 2079 2100 2114 2127 2147 2164 2181 2196 2210 2223 2240 2262 2290 2308 2315 2304 2271 2249 2226 2203 2181 2161 2144 2126 2113 2100 2082 2063 2053 2042 2028 2016 2003 1989 1976 1966 1959 1956 1953 1948 1945 1943 1945 1948 1950 1952 1951 1954 1959 1959 1957 1956 1962 1965 1964 1969 1978 1986
1689 1695 1697 1699 1709 1721 1733 1746 1764 1788 1807 1829 1853 1878 1895 1910 1925 1939 1953 1967 1979 1992 2007 2022 2038 2056 2076 2098 2113 2125 2145 2162 2178 2194 2208 2222 2239 2263 2291 2320 2335 2339 2312 2265 2242 2219 2191 2167 2145 2119 2100 2084 2066 2055 2044 2032 2019 2007 1992 1979 1968 1960 1953 1946 1944 1941 1939 1937 1939 1941 1942 1942 1941 1941 1943 1943 1941 1942 1946 1946 1943 1947 1955 1961
1675 1684 1689 1691 1702 1714 1728 1746 1769 1791 1809 1829 1854 1880 1896 1907 1920 1934 1948 1961 1974 1986 2001 2017 2033 2051 2072 2093 2111 2122 2141 2158 2175 2191 2206 2220 2237 2261 2289 2323 2347 2369 2368 2311 2258 2233 2207 2176 2153 2126 2098 2074 2056 2044 2033 2020 2006 1991 1978 1968 1961 1954 1949 1943 1938 1934 1933 1932 1934 1935 1935 1935 1933 1930 1931 1931 1928 1932 1933 1932 1928 1926 1931 1937
1664 1672 1677 1685 1700 1715 1728 1745 1762 1789 1808 1828 1850 1874 1893 1904 1915 1928 1941 1954 1968 1981 1996 2012 2029 2046 2067 2087 2108 2119 2136 2153 2170 2187 2202 2217 2233 2256 2283 2320 2356 2389 2402 2364 2308 2252 2219 2185 2161 2135 2105 2081 2055 2036 2019 1997 1982 1972 1965 1959 1953 1948 1943 1937 1933 1928 1926 1926 1928 1929 1929 1928 1926 1923 1922 1921 1918 1919 1921 1921 1919 1917 1918 1921
1654 1661 1665 1673 1696 1712 1723 1737 1751 1781 1803 1823 1843 1864 1885 1897 1909 1921 1934 1947 1962 1976 1990 2007 2024 2041 2060 2081 2102 2116 2131 2149 2165 2183 2198 2212 2228 2248 2275 2312 2353 2393 2420 2385 2337 2288 2232 2198 2170 2141 2112 2089 2059 2036 2016 1990 1973 1963 1955 1949 1945 1941 1936 1932 1928 1922 1917 1916 1919 1921 1922 1921 1919 1916 1913 1912 1909 1906 1909 1911 1910 1908 1909 1911
1637 1649 1654 1665 1686 1702 1715 1725 1742 1772 1796 1816 1835 1853 1872 1888 1900 1913 1927 1941 1954 1969 1984 2001 2019 2036 2053 2071 2092 2110 2126 2144 2159 2176 2192 2207 2222 2240 2265 2303 2343 2387 2411 2408 2362 2308 2251 2211 2178 2147 2116 2092 2062 2037 2018 1994 1974 1961 1950 1943 1937 1934 1930 1925 1920 1914 1908 1906 1911 1913 1914 1914 1913 1910 1905 1903 1900 1895 1899 1901 1901 1899 1896 1897
1625 1636 1640 1652 1672 1689 1701 1712 1733 1762 1787 1807 1824 1840 1857 1875 1891 1906 1920 1933 1947 1961 1977 1994 2012 2030 2046 2062 2081 2101 2120 2138 2153 2168 2183 2201 2217 2233 2253 2281 2328 2363 2394 2409 2376 2329 2276 2224 2187 2155 2120 2093 2062 2038 2018 1996 1975 1961 1949 1938 1929 1925 1921 1917 1913 1908 1902 1899 1900 1904 1906 1906 1905 1901 1897 1893 1892 1886 1890 1892 1892 1891 1885 1883
1614 1624 1628 1639 1657 1673 1683 1702 1725 1750 1771 1793 1812 1825 1842 1866 1884 1898 1912 1926 1939 1954 1968 1986 2003 2024 2040 2054 2070 2092 2112 2131 2146 2161 2175 2191 2210 2227 2242 2265 2301 2337 2366 2397 2386 2343 2292 2237 2197 2163 2123 2092 2060 2036 2016 1996 1975 1959 1947 1936 1925 1913 1910 1907 1903 1898 1893 1889 1889 1893 1895 1895 1894 1892 1889 1885 1883 1880 1880 1882 1882 1880 1875 1869
1604 1615 1619 1629 1643 1656 1672 1696 1716 1736 1756 1775 1793 1808 1830 1857 1875 1889 1903 1917 1929 1946 1959 1976 1995 2016 2034 2047 2062 2085 2104 2123 2138 2152 2166 2181 2199 2218 2234 2252 2273 2306 2346 2382 2390 2353 2309 2246 2204 2168 2124 2087 2057 2035 2013 1995 1975 1957 1944 1933 1918 1905 1897 1894 1890 1887 1883 1877 1875 1881 1884 1885 1884 1882 1880 1877 1875 1871 1870 1870 1871 1869 1866 1863
1594 1603 1608 1618 1632 1648 1666 1687 1706 1725 1742 1757 1773 1796 1821 1847 1866 1880 1893 1907 1919 1934 1949 1964 1984 2004 2026 2041 2055 2076 2096 2112 2128 2143 2157 2172 2190 2205 2225 2241 2259 2280 2328 2355 2382 2355 2314 2249 2208 2170 2121 2082 2054 2032 2007 1994 1972 1952 1940 1929 1913 1899 1888 1879 1876 1874 1871 1866 1864 1868 1872 1874 1874 1873 1872 1871 1868 1864 1862 1861 1861 1860 1859 1857
1586 1592 1600 1612 1626 1641 1658 1673 1693 1712 1728 1742 1756 1788 1812 1832 1854 1869 1882 1895 1908 1920 1935 1951 1973 1995 2015 2033 2048 2065 2088 2101 2116 2132 2151 2169 2187 2200 2216 2231 2248 2271 2313 2338 2356 2346 2315 2263 2212 2168 2114 2076 2049 2029 2005 1990 1969 1947 1934 1922 1907 1895 1880 1868 1865 1862 1859 1853 1854 1858 1862 1864 1864 1864 1863 1862 1859 1856 1853 1851 1851 1852 1852 1851
1578 1586 1594 1604 1616 1631 1648 1662 1676 1694 1711 1725 1747 1774 1803 1821 1839 1856 1871 1882 1892 1905 1923 1945 1965 1985 2003 2026 2040 2055 2072 2090 2106 2126 2148 2168 2186 2199 2213 2228 2246 2269 2304 2328 2338 2337 2312 2270 2215 2174 2117 2070 2043 2026 2005 1984 1958 1940 1927 1915 1901 1888 1873 1864 1856 1852 1849 1845 1845 1849 1852 1854 1855 1855 1854 1853 1851 1848 1845 1843 1844 1844 1844 1843
1574 1580 1587 1595 1604 1617 1632 1649 1662 1673 1687 1712 1736 1763 1793 1812 1825 1841 1855 1866 1875 1893 1914 1936 1955 1973 1993 2010 2030 2045 2058 2078 2100 2119 2140 2163 2180 2195 2211 2226 2246 2266 2297 2318 2328 2329 2308 2268 2217 2183 2134 2079 2040 2020 2001 1980 1952 1931 1919 1906 1893 1880 1867 1858 1851 1845 1841 1837 1833 1838 1841 1844 1845 1845 1845 1844 1842 1840 1837 1835 1836 1837 1837 1836
1572 1574 1579 1587 1592 1607 1624 1638 1648 1658 1674 1698 1727 1755 1777 1801 1816 1826 1837 1847 1867 1884 1904 1925 1945 1959 1976 1995 2013 2032 2050 2072 2093 2111 2130 2150 2171 2187 2206 2221 2240 2259 2286 2307 2318 2318 2304 2263 2218 2187 2147 2094 2045 2012 1996 1979 1953 1928 1907 1897 1884 1870 1861 1853 1847 1839 1832 1829 1825 1827 1830 1832 1834 1835 1835 1835 1833 1831 1829 1828 1830 1830 1830 1829
1570 1572 1576 1582 1588 1596 1614 1625 1635 1650 1665 1686 1717 1743 1763 1786 1804 1815 1821 1832 1857 1874 1892 1910 1929 1946 1958 1974 1998 2022 2043 2063 2084 2101 2118 2136 2158 2177 2197 2214 2232 2251 2272 2295 2308 2311 2294 2257 2220 2188 2152 2109 2057 2016 1992 1976 1949 1929 1904 1886 1873 1863 1853 1846 1840 1835 1829 1822 1818 1816 1819 1822 1824 1826 1826 1827 1826 1825 1824 1823 1823 1824 1824 1823
1568 1571 1574 1580 1584 1590 1598 1612 1628 1640 1657 1680 1707 1730 1750 1771 1788 1799 1808 1826 1845 1861 1877 1895 1912 1928 1940 1959 1984 2011 2033 2052 2071 2090 2107 2122 2142 2161 2183 2205 2223 2242 2259 2281 2297 2300 2283 2250 2219 2187 2155 2116 2069 2027 1994 1969 1944 1929 1908 1882 1866 1859 1851 1838 1831 1827 1822 1817 1811 1807 1810 1813 1815 1817 1819 1819 1819 1819 1819 1817 1817 1817 1818 1818
1568 1571 1573 1577 1581 1586 1591 1604 1618 1630 1651 1671 1694 1718 1735 1753 1771 1783 1797 1815 1832 1846 1860 1876 1893 1908 1924 1950 1972 1995 2020 2041 2058 2076 2093 2109 2124 2145 2162 2187 2209 2229 2247 2264 2287 2294 2278 2244 2217 2185 2157 2121 2075 2034 2002 1972 1943 1926 1910 1883 1866 1853 1845 1834 1824 1818 1814 1810 1805 1801 1799 1802 1806 1809 1812 1813 1814 1814 1814 1813 1810 1812 1813 1813
1566 1569 1572 1574 1579 1583 1589 1597 1607 1624 1644 1662 1679 1701 1720 1736 1752 1765 1787 1804 1818 1829 1841 1859 1879 1898 1916 1935 1959 1979 2004 2026 2045 2060 2076 2093 2116 2135 2152 2165 2200 2220 2239 2259 2282 2287 2272 2241 2216 2184 2157 2124 2080 2038 2009 1983 1949 1922 1906 1884 1864 1847 1839 1831 1819 1810 1805 1802 1798 1793 1790 1791 1796 1801 1804 1806 1808 1809 1809 1808 1807 1807 1808 1808
1564 1567 1570 1572 1575 1579 1583 1590 1595 1619 1638 1653 1666 1681 1701 1718 1734 1753 1774 1791 1803 1812 1831 1849 1866 1884 1905 1921 1943 1962 1982 2006 2025 2039 2054 2078 2107 2128 2147 2169 2194 2214 2233 2253 2272 2278 2266 2236 2211 2183 2156 2125 2083 2042 2015 1989 1961 1924 1901 1882 1864 1846 1831 1823 1815 1805 1795 1794 1792 1787 1783 1784 1789 1793 1797 1799 1801 1803 1803 1803 1803 1803 1803 1802
1563 1565 1568 1570 1573 1575 1578 1581 1590 1613 1630 1643 1655 1665 1677 1700 1723 1740 1758 1776 1788 1798 1817 1831 1853 1875 1892 1908 1924 1945 1961 1984 2002 2016 2040 2065 2093 2114 2135 2159 2179 2202 2219 2239 2261 2270 2254 2227 2205 2180 2154 2125 2085 2046 2019 1995 1970 1931 1900 1877 1861 1843 1827 1815 1807 1796 1786 1784 1782 1778 1773 1774 1781 1786 1790 1793 1795 1796 1798 1798 1798 1799 1798 1796
1561 1562 1565 1567 1570 1572 1573 1574 1582 1602 1619 1633 1642 1655 1668 1686 1708 1725 1742 1758 1771 1780 1799 1814 1839 1860 1879 1894 1908 1925 1943 1958 1973 1993 2023 2051 2074 2098 2117 2140 2162 2180 2193 2215 2239 2246 2238 2220 2199 2176 2151 2124 2088 2050 2022 1998 1974 1937 1908 1874 1856 1840 1824 1808 1799 1791 1776 1772 1772 1768 1763 1764 1772 1778 1782 1786 1789 1791 1792 1794 1794 1795 1795 1793
1559 1560 1563 1565 1567 1570 1571 1572 1575 1592 1607 1618 1631 1647 1660 1672 1690 1709 1723 1735 1747 1764 1777 1798 1822 1841 1862 1875 1889 1907 1922 1938 1953 1965 1999 2028 2054 2076 2098 2116 2136 2153 2164 2190 2219 2231 2228 2210 2190 2170 2147 2123 2090 2053 2025 2000 1977 1941 1912 1884 1854 1834 1819 1802 1789 1780 1769 1762 1760 1757 1751 1753 1763 1770 1775 1779 1782 1785 1787 1788 1790 1790 1791 1790
1557 1558 1560 1562 1566 1567 1569 1571 1573 1580 1594 1610 1624 1638 1650 1661 1672 1688 1700 1713 1734 1745 1759 1781 1803 1819 1829 1848 1871 1889 1904 1916 1927 1941 1967 1999 2030 2054 2069 2089 2108 2124 2145 2173 2197 2215 2217 2204 2179 2161 2141 2120 2089 2057 2026 2002 1980 1944 1915 1888 1866 1829 1810 1795 1778 1769 1760 1751 1752 1749 1745 1746 1752 1760 1767 1773 1776 1779 1781 1783 1784 1785 1785 1784
1555 1556 1558 1562 1563 1565 1567 1569 1571 1573 1582 1601 1615 1627 1640 1651 1659 1667 1676 1700 1718 1728 1744 1762 1778 1793 1804 1823 1848 1866 1880 1891 1901 1920 1944 1965 1996 2026 2048 2059 2073 2091 2123 2158 2180 2200 2204 2193 2167 2147 2134 2116 2088 2061 2027 2002 1980 1945 1915 1889 1871 1831 1800 1786 1773 1763 1756 1748 1745 1743 1740 1737 1741 1749 1756 1763 1769 1773 1775 1777 1778 1778 1778 1778
1556 1555 1560 1562 1564 1565 1566 1568 1570 1572 1574 1591 1604 1616 1627 1637 1643 1651 1665 1683 1701 1710 1727 1745 1757 1766 1781 1805 1818 1839 1852 1861 1881 1902 1921 1942 1960 1991 2014 2034 2045 2061 2107 2136 2165 2183 2190 2183 2165 2139 2128 2111 2087 2063 2026 2001 1980 1947 1915 1890 1872 1834 1800 1779 1768 1758 1752 1746 1740 1737 1735 1731 1731 1739 1746 1752 1757 1763 1767 1770 1772 1773 1773 1772
1557 1558 1559 1561 1562 1564 1565 1566 1568 1571 1573 1576 1592 1604 1613 1622 1627 1639 1653 1665 1678 1688 1710 1723 1733 1744 1761 1778 1800 1816 1827 1841 1862 1883 1900 1916 1934 1952 1969 1994 2009 2039 2080 2114 2142 2165 2176 2176 2157 2126 2119 2105 2084 2061 2025 1999 1979 1946 1914 1890 1871 1832 1802 1775 1764 1755 1747 1741 1735 1731 1730 1726 1726 1731 1737 1743 1747 1751 1755 1759 1762 1764 1764 1761
1556 1557 1559 1560 1561 1562 1563 1565 1567 1569 1571 1573 1576 1590 1599 1607 1611 1627 1640 1651 1660 1668 1684 1698 1707 1719 1735 1759 1778 1792 1810 1825 1841 1861 1879 1893 1907 1922 1935 1949 1976 2019 2055 2086 2117 2144 2160 2165 2140 2113 2108 2097 2080 2057 2018 1995 1976 1941 1909 1886 1863 1829 1802 1779 1763 1750 1744 1737 1733 1726 1723 1721 1720 1723 1729 1735 1739 1743 1746 1749 1751 1753 1755 1752
1555 1557 1558 1559 1560 1561 1562 1564 1565 1567 1569 1571 1573 1574 1582 1590 1595 1612 1624 1632 1644 1656 1666 1675 1684 1693 1712 1732 1754 1773 1794 1807 1821 1835 1854 1870 1883 1893 1905 1929 1956 1989 2033 2060 2088 2119 2133 2136 2121 2095 2093 2087 2073 2047 2010 1987 1971 1931 1904 1881 1854 1824 1801 1782 1765 1751 1740 1732 1729 1723 1717 1716 1715 1712 1719 1727 1733 1737 1739 1742 1744 1745 1748 1748
1555 1556 1557 1558 1559 1560 1561 1562 1563 1565 1567 1570 1571 1573 1574 1574 1587 1599 1610 1621 1632 1642 1648 1653 1666 1683 1706 1726 1745 1761 1775 1792 1802 1812 1823 1835 1849 1863 1883 1912 1936 1963 1996 2035 2060 2089 2108 2113 2097 2076 2075 2070 2055 2036 2006 1981 1955 1922 1895 1872 1846 1819 1799 1783 1767 1753 1739 1729 1723 1718 1712 1709 1708 1707 1711 1718 1724 1729 1733 1736 1737 1734 1733 1745
1554 1555 1556 1557 1558 1559 1559 1561 1562 1563 1567 1568 1570 1571 1572 1573 1578 1592 1602 1612 1620 1628 1634 1648 1661 1673 1696 1715 1733 1750 1761 1771 1783 1791 1799 1807 1828 1847 1868 1891 1909 1939 1967 1998 2030 2053 2076 2087 2078 2047 2051 2047 2036 2020 1996 1975 1936 1906 1883 1862 1835 1815 1797 1781 1767 1755 1741 1730 1717 1713 1708 1703 1701 1701 1703 1709 1715 1721 1725 1729 1731 1730 1734 1742
1553 1554 1555 1555 1556 1557 1558 1559 1560 1563 1565 1567 1568 1569 1570 1572 1574 1581 1594 1602 1609 1613 1625 1639 1654 1665 1683 1701 1718 1735 1746 1754 1763 1770 1775 1789 1807 1827 1848 1863 1886 1912 1941 1967 1992 2018 2037 2052 2050 2024 2012 2019 2012 1997 1980 1961 1927 1891 1868 1848 1828 1810 1794 1779 1766 1755 1742 1730 1717 1708 1701 1696 1694 1694 1692 1700 1707 1713 1718 1722 1723 1728 1733 1738
1555 1555 1555 1555 1555 1555 1556 1558 1560 1562 1563 1565 1566 1567 1569 1571 1573 1574 1580 1592 1596 1599 1615 1629 1644 1657 1669 1686 1702 1715 1728 1736 1741 1746 1756 1770 1786 1800 1814 1835 1859 1885 1912 1940 1963 1979 1994 2001 2002 1995 1978 1972 1971 1966 1957 1941 1920 1890 1855 1835 1820 1805 1789 1777 1764 1753 1741 1729 1717 1707 1697 1690 1688 1688 1687 1692 1700 1705 1711 1714 1716 1720 1730 1735
1555 1555 1555 1555 1555 1555 1555 1556 1558 1560 1561 1563 1565 1567 1569 1570 1571 1573 1574 1575 1580 1586 1603 1617 1631 1646 1658 1670 1686 1698 1708 1717 1722 1729 1743 1755 1765 1775 1786 1811 1835 1856 1878 1904 1930 1952 1961 1967 1968 1963 1954 1946 1950 1946 1938 1928 1914 1890 1861 1830 1813 1798 1785 1774 1761 1749 1737 1726 1715 1706 1697 1689 1684 1681 1680 1685 1692 1697 1703 1708 1710 1717 1725 1731
1555 1556 1556 1556 1557 1556 1556 1557 1559 1560 1561 1563 1565 1567 1569 1569 1571 1572 1572 1573 1573 1574 1589 1604 1617 1632 1644 1655 1665 1676 1690 1698 1707 1719 1731 1740 1748 1755 1767 1785 1808 1829 1847 1865 1890 1915 1927 1933 1934 1931 1924 1906 1917 1925 1923 1916 1906 1889 1867 1839 1809 1791 1780 1770 1755 1743 1732 1722 1713 1703 1694 1688 1682 1677 1673 1674 1684 1689 1695 1702 1708 1715 1721 1727
