Matlab/toolbox/map/mapdemos/MtWashington-ft.grd
ncols 345 
nrows 472 
xllcorner    310380.000000
yllcorner    4901880.000000
cellsize 30
nodata_value -32766
[rows 333 to 369 of 472, columns 84 to 167 of 345]
3228 3254 3275 3292 3307 3322 3339 3361 3384 3408 3432 3453 3476 3504 3524 3552 3572 3602 3626 3652 3678 3704 3727 3766 3795 3825 3857 3883 3910 3933 3962 3982 4001 4014 4023 4028 4013 4034 4055 4081 4096 4128 4166 4210 4248 4291 4334 4360 4403 4435 4473 4522 4563 4604 4646 4675 4718 4755 4793 4832 4871 4913 4955 4991 5022 5068 5111 5152 5200 5245 5283 5326 5370 5409 5465 5513 5504 5499 5416 5342 5275 5168 5093 5020
3252 3272 3289 3303 3318 3334 3354 3377 3403 3427 3450 3474 3500 3522 3551 3572 3599 3627 3654 3679 3706 3732 3759 3779 3809 3839 3878 3909 3940 3972 3998 4027 4046 4063 4077 4089 4085 4093 4135 4147 4163 4175 4204 4240 4281 4310 4341 4372 4411 4434 4473 4511 4560 4600 4639 4670 4712 4752 4788 4829 4863 4905 4950 4987 5019 5068 5115 5158 5204 5251 5293 5335 5379 5425 5484 5517 5506 5487 5417 5349 5270 5160 5068 4978
3265 3282 3297 3312 3329 3346 3367 3392 3420 3444 3467 3491 3516 3547 3568 3591 3622 3647 3671 3700 3731 3760 3784 3809 3828 3854 3897 3928 3969 4002 4035 4056 4080 4101 4123 4141 4150 4150 4165 4187 4210 4223 4237 4272 4319 4350 4381 4406 4434 4461 4493 4526 4568 4606 4644 4676 4710 4750 4786 4824 4861 4897 4944 4978 5017 5065 5116 5157 5204 5251 5297 5340 5382 5433 5489 5519 5507 5499 5430 5354 5286 5194 5095 5000
3273 3289 3304 3322 3338 3357 3381 3408 3434 3457 3482 3508 3533 3562 3582 3611 3636 3661 3689 3723 3753 3779 3809 3831 3856 3888 3919 3945 3988 4027 4058 4084 4110 4133 4153 4171 4183 4191 4193 4215 4242 4267 4285 4313 4356 4380 4400 4426 4451 4475 4507 4545 4582 4620 4657 4688 4721 4758 4796 4837 4875 4912 4960 5002 5045 5092 5142 5183 5227 5270 5312 5343 5382 5435 5488 5508 5511 5497 5432 5349 5279 5179 5082 4991
3279 3295 3311 3330 3345 3367 3394 3423 3446 3468 3498 3520 3550 3575 3600 3625 3648 3672 3705 3742 3772 3802 3827 3855 3886 3919 3945 3976 4011 4041 4077 4107 4133 4155 4180 4201 4219 4233 4243 4247 4270 4293 4321 4354 4377 4394 4414 4440 4461 4487 4517 4556 4592 4633 4667 4697 4732 4765 4807 4844 4884 4922 4967 5012 5059 5102 5154 5197 5242 5278 5317 5349 5389 5436 5482 5526 5527 5494 5425 5339 5256 5166 5089 5002
3282 3298 3317 3335 3352 3378 3404 3432 3454 3482 3509 3535 3565 3586 3613 3634 3659 3684 3723 3762 3791 3818 3851 3884 3918 3946 3973 4008 4040 4071 4098 4127 4153 4182 4211 4234 4255 4268 4282 4298 4303 4314 4342 4372 4387 4405 4429 4450 4469 4495 4528 4563 4600 4644 4673 4703 4741 4774 4812 4848 4888 4928 4972 5019 5065 5107 5155 5200 5248 5277 5314 5347 5390 5428 5468 5521 5522 5482 5419 5345 5275 5197 5114 5024
3282 3299 3319 3338 3358 3386 3413 3439 3462 3494 3517 3549 3573 3598 3622 3641 3668 3701 3738 3775 3807 3839 3875 3913 3944 3969 3998 4037 4069 4099 4126 4154 4180 4212 4240 4264 4285 4305 4325 4338 4347 4351 4362 4381 4396 4414 4436 4455 4475 4499 4536 4568 4605 4647 4674 4707 4746 4780 4813 4850 4890 4929 4974 5021 5064 5108 5153 5200 5246 5274 5304 5337 5382 5419 5451 5497 5503 5464 5416 5344 5277 5202 5120 5024
3280 3298 3321 3339 3362 3390 3419 3442 3468 3502 3524 3558 3579 3605 3626 3645 3676 3712 3752 3788 3820 3858 3899 3937 3959 3989 4025 4058 4094 4125 4154 4181 4210 4237 4269 4289 4310 4335 4351 4359 4365 4373 4378 4389 4402 4421 4439 4456 4477 4501 4538 4570 4607 4645 4672 4706 4746 4778 4809 4846 4889 4928 4975 5017 5059 5102 5150 5194 5239 5269 5294 5328 5361 5406 5435 5462 5470 5445 5409 5337 5271 5194 5110 5013
3274 3296 3319 3340 3366 3393 3420 3443 3474 3505 3532 3563 3583 3608 3628 3651 3683 3720 3760 3799 3833 3875 3919 3951 3979 4009 4045 4081 4118 4147 4173 4201 4234 4260 4283 4304 4333 4351 4343 4356 4364 4372 4375 4390 4407 4430 4438 4452 4475 4500 4535 4569 4606 4639 4665 4697 4739 4772 4803 4839 4882 4926 4973 5010 5053 5096 5146 5184 5227 5261 5286 5315 5341 5383 5418 5438 5444 5428 5390 5321 5255 5182 5098 5027
3266 3292 3315 3339 3365 3393 3420 3443 3476 3507 3534 3563 3583 3608 3628 3655 3690 3726 3763 3804 3844 3889 3934 3961 3990 4027 4059 4094 4137 4161 4191 4215 4244 4266 4286 4309 4337 4345 4335 4312 4336 4338 4342 4364 4393 4424 4436 4443 4466 4495 4527 4560 4594 4630 4653 4679 4725 4757 4792 4828 4873 4918 4963 5001 5046 5087 5140 5172 5217 5246 5275 5298 5328 5371 5415 5425 5428 5418 5378 5323 5263 5199 5118 5045
3253 3285 3307 3337 3364 3391 3416 3441 3471 3504 3533 3557 3579 3604 3627 3653 3692 3727 3763 3810 3859 3900 3938 3964 3995 4035 4067 4100 4141 4169 4195 4213 4235 4250 4272 4293 4302 4290 4271 4260 4265 4262 4295 4320 4350 4373 4403 4422 4438 4472 4501 4536 4568 4597 4628 4664 4690 4739 4776 4812 4855 4905 4950 4991 5031 5073 5120 5158 5200 5231 5251 5290 5329 5368 5410 5424 5429 5423 5389 5338 5278 5215 5126 5056
3239 3270 3298 3329 3359 3385 3410 3434 3463 3494 3528 3551 3572 3597 3621 3657 3708 3748 3791 3830 3870 3904 3936 3960 3992 4032 4065 4095 4136 4157 4181 4191 4190 4213 4236 4254 4237 4235 4210 4182 4189 4187 4230 4259 4285 4306 4319 4331 4382 4431 4455 4486 4525 4539 4582 4632 4660 4706 4752 4792 4834 4885 4931 4975 5012 5057 5099 5141 5174 5209 5242 5288 5329 5366 5406 5432 5446 5441 5407 5354 5291 5223 5133 5057
3226 3252 3288 3316 3348 3376 3402 3426 3450 3479 3511 3542 3569 3602 3634 3683 3729 3762 3802 3835 3870 3897 3927 3952 3982 4020 4052 4080 4109 4134 4143 4145 4161 4176 4182 4183 4171 4131 4109 4103 4103 4117 4154 4178 4219 4241 4244 4277 4326 4360 4379 4417 4437 4450 4518 4560 4620 4668 4719 4762 4808 4855 4907 4945 4989 5026 5070 5111 5161 5210 5256 5301 5345 5384 5428 5460 5474 5465 5415 5360 5299 5222 5137 5055
3206 3235 3264 3300 3332 3363 3387 3417 3441 3467 3503 3543 3576 3610 3652 3697 3738 3765 3800 3828 3857 3883 3910 3935 3964 4000 4029 4056 4074 4088 4092 4093 4120 4139 4144 4135 4113 4075 4026 4041 4039 4070 4088 4114 4144 4157 4167 4223 4266 4290 4305 4342 4350 4380 4429 4496 4561 4621 4666 4724 4765 4813 4864 4915 4959 5008 5062 5112 5162 5216 5261 5304 5354 5396 5446 5471 5494 5473 5420 5359 5296 5221 5139 5040
3192 3219 3244 3289 3327 3357 3388 3419 3445 3474 3514 3549 3580 3620 3660 3696 3732 3759 3784 3809 3833 3856 3883 3910 3930 3961 3990 4010 4029 4041 4037 4036 4060 4075 4068 4063 4047 4013 3956 3966 3975 4015 4027 4058 4084 4095 4124 4161 4192 4223 4241 4278 4286 4311 4371 4444 4512 4560 4603 4667 4733 4796 4852 4908 4959 5008 5059 5113 5162 5216 5262 5303 5357 5404 5451 5476 5496 5473 5419 5349 5287 5214 5131 5022
3193 3219 3245 3291 3333 3366 3399 3425 3451 3484 3523 3555 3581 3621 3658 3684 3715 3739 3763 3782 3801 3823 3847 3868 3893 3915 3933 3952 3961 3967 3957 3958 3980 3997 3966 3970 3957 3931 3892 3883 3896 3935 3954 3998 4021 4039 4078 4110 4126 4136 4180 4219 4234 4270 4321 4394 4469 4538 4596 4665 4728 4789 4847 4904 4960 5007 5054 5107 5158 5214 5258 5300 5353 5405 5445 5467 5471 5464 5406 5333 5261 5194 5108 5007
3195 3222 3250 3294 3335 3369 3404 3431 3460 3488 3525 3554 3579 3612 3646 3671 3693 3714 3732 3753 3770 3785 3797 3816 3844 3863 3874 3879 3886 3885 3875 3881 3900 3897 3871 3874 3879 3863 3830 3806 3839 3872 3894 3927 3942 3974 4020 4051 4073 4101 4129 4156 4201 4277 4344 4418 4482 4541 4600 4663 4720 4778 4837 4899 4954 5001 5046 5098 5154 5204 5250 5293 5344 5396 5437 5458 5479 5445 5377 5297 5229 5158 5087 5009
3195 3223 3253 3295 3334 3367 3405 3433 3462 3484 3516 3547 3572 3596 3622 3650 3670 3685 3701 3713 3727 3742 3755 3765 3780 3791 3809 3818 3822 3817 3795 3792 3815 3820 3786 3796 3794 3779 3758 3744 3767 3803 3836 3865 3886 3920 3944 3981 4016 4054 4095 4163 4234 4306 4364 4429 4490 4540 4596 4654 4708 4767 4823 4885 4941 4992 5039 5085 5144 5194 5237 5279 5330 5374 5427 5464 5494 5463 5408 5341 5274 5203 5122 5075
3195 3224 3254 3292 3332 3364 3400 3430 3458 3479 3503 3530 3559 3576 3593 3611 3627 3644 3663 3671 3681 3691 3703 3709 3714 3721 3727 3732 3738 3734 3720 3726 3742 3736 3714 3712 3716 3711 3703 3691 3713 3742 3777 3797 3824 3865 3928 3979 4023 4073 4130 4200 4266 4321 4375 4435 4488 4534 4587 4642 4696 4751 4809 4869 4924 4978 5024 5069 5122 5175 5221 5262 5306 5355 5414 5459 5490 5493 5435 5374 5318 5239 5163 5099
3195 3224 3252 3288 3326 3356 3389 3420 3444 3469 3487 3508 3529 3550 3567 3575 3583 3593 3602 3610 3621 3628 3635 3642 3647 3650 3655 3653 3648 3644 3639 3640 3656 3656 3634 3632 3638 3643 3637 3635 3651 3690 3728 3775 3822 3894 3950 4003 4045 4100 4154 4231 4279 4329 4376 4428 4482 4524 4572 4624 4675 4733 4794 4854 4910 4961 5007 5054 5102 5154 5195 5232 5295 5337 5394 5448 5472 5497 5451 5394 5336 5269 5207 5118
3193 3222 3250 3282 3315 3347 3374 3401 3427 3445 3468 3480 3495 3511 3526 3532 3542 3554 3563 3565 3569 3574 3581 3589 3595 3598 3599 3599 3597 3593 3577 3571 3583 3583 3570 3578 3588 3592 3597 3622 3657 3701 3750 3799 3851 3910 3969 4021 4068 4120 4173 4239 4279 4327 4373 4418 4466 4511 4553 4610 4657 4714 4776 4831 4888 4940 4983 5035 5073 5119 5171 5223 5273 5320 5365 5417 5455 5479 5465 5412 5355 5296 5224 5128
3189 3219 3245 3275 3303 3331 3355 3379 3401 3420 3431 3441 3456 3465 3472 3480 3488 3495 3500 3504 3507 3512 3518 3525 3530 3533 3535 3536 3535 3531 3515 3512 3527 3528 3517 3526 3532 3556 3606 3645 3681 3726 3767 3817 3870 3927 3987 4032 4083 4130 4177 4228 4261 4309 4352 4403 4449 4493 4530 4587 4629 4684 4750 4806 4862 4910 4957 4999 5040 5102 5159 5210 5246 5301 5329 5378 5427 5452 5466 5421 5366 5309 5234 5170
3184 3214 3239 3268 3289 3314 3334 3348 3363 3385 3392 3399 3408 3415 3422 3425 3429 3432 3436 3439 3443 3446 3450 3453 3456 3457 3459 3462 3465 3464 3458 3467 3477 3480 3477 3493 3538 3580 3627 3662 3700 3742 3781 3833 3883 3941 3994 4036 4089 4126 4164 4195 4224 4261 4332 4371 4415 4464 4508 4552 4606 4657 4718 4768 4824 4873 4913 4961 5026 5080 5137 5185 5227 5266 5307 5332 5368 5420 5438 5415 5368 5325 5273 5219
3179 3208 3232 3258 3276 3293 3312 3326 3333 3339 3345 3354 3361 3365 3367 3367 3367 3366 3366 3371 3375 3375 3377 3382 3388 3395 3404 3413 3416 3416 3414 3426 3434 3436 3464 3522 3563 3604 3640 3673 3718 3750 3793 3845 3889 3948 3995 4032 4079 4110 4138 4160 4186 4240 4296 4344 4375 4423 4470 4518 4563 4615 4666 4724 4774 4826 4868 4945 5005 5059 5105 5156 5197 5231 5264 5296 5342 5394 5409 5406 5381 5350 5314 5264
3174 3196 3222 3245 3259 3270 3281 3292 3301 3305 3310 3315 3315 3314 3312 3310 3308 3309 3306 3302 3301 3300 3295 3303 3313 3325 3337 3355 3375 3381 3392 3403 3414 3451 3506 3548 3580 3615 3649 3684 3725 3755 3798 3850 3891 3944 3985 4020 4059 4080 4099 4112 4159 4213 4260 4302 4330 4367 4431 4470 4520 4563 4617 4669 4719 4773 4849 4920 4975 5023 5067 5114 5158 5200 5241 5286 5329 5367 5400 5396 5394 5363 5339 5322
3167 3185 3205 3227 3237 3243 3246 3250 3252 3251 3250 3249 3245 3241 3238 3234 3235 3234 3232 3228 3226 3244 3263 3278 3292 3307 3319 3334 3352 3375 3391 3405 3441 3480 3524 3561 3592 3623 3657 3695 3728 3757 3798 3849 3887 3931 3967 3996 4021 4044 4057 4075 4127 4175 4219 4250 4266 4311 4366 4413 4443 4502 4553 4606 4659 4735 4817 4882 4943 4976 5028 5077 5136 5192 5236 5276 5314 5347 5379 5401 5393 5375 5363 5347
3157 3169 3187 3197 3201 3204 3203 3202 3201 3196 3189 3180 3171 3170 3175 3180 3186 3193 3202 3219 3227 3246 3269 3288 3301 3313 3322 3340 3366 3388 3405 3431 3461 3497 3544 3571 3602 3631 3664 3700 3729 3757 3794 3837 3872 3905 3937 3965 3988 4004 4016 4052 4092 4128 4162 4188 4226 4262 4299 4336 4389 4443 4485 4557 4636 4710 4775 4830 4886 4945 5010 5063 5118 5172 5223 5261 5293 5331 5355 5379 5383 5382 5380 5370
3143 3151 3156 3158 3158 3157 3154 3150 3143 3134 3127 3137 3147 3163 3177 3197 3214 3232 3244 3257 3262 3260 3271 3285 3303 3315 3324 3338 3368 3393 3417 3442 3473 3509 3551 3579 3607 3636 3668 3701 3729 3754 3786 3819 3848 3874 3898 3924 3943 3951 3972 4012 4057 4081 4104 4127 4170 4210 4233 4280 4331 4393 4466 4525 4599 4665 4719 4789 4855 4921 4983 5042 5092 5148 5203 5244 5273 5305 5335 5360 5379 5387 5388 5387
3119 3122 3123 3117 3105 3093 3087 3096 3110 3127 3144 3161 3177 3195 3214 3230 3244 3265 3279 3290 3300 3305 3317 3330 3341 3349 3357 3362 3369 3397 3424 3450 3481 3518 3556 3584 3611 3639 3670 3699 3726 3749 3778 3804 3823 3838 3863 3877 3885 3901 3931 3956 3982 4012 4041 4081 4113 4151 4200 4232 4306 4371 4427 4484 4550 4606 4679 4754 4833 4891 4953 5012 5061 5117 5168 5219 5259 5294 5332 5368 5384 5393 5401 5408
3093 3089 3077 3062 3056 3071 3092 3111 3131 3146 3162 3179 3201 3220 3235 3251 3275 3292 3308 3320 3332 3347 3368 3387 3397 3403 3406 3409 3410 3409 3423 3452 3487 3523 3559 3588 3613 3639 3668 3693 3719 3739 3764 3785 3801 3810 3813 3814 3825 3858 3905 3951 3977 4008 4042 4077 4095 4130 4169 4215 4278 4349 4396 4432 4499 4553 4636 4716 4788 4856 4921 4968 5019 5083 5156 5223 5267 5304 5345 5376 5392 5408 5420 5428
3067 3058 3046 3042 3064 3087 3107 3127 3143 3161 3179 3200 3221 3237 3254 3277 3297 3313 3329 3343 3367 3387 3402 3415 3427 3437 3445 3450 3454 3456 3447 3448 3489 3526 3562 3589 3611 3635 3661 3684 3704 3726 3746 3762 3768 3773 3786 3815 3843 3878 3919 3970 4007 4046 4085 4119 4151 4192 4217 4249 4287 4319 4370 4426 4507 4572 4645 4724 4779 4841 4897 4955 5016 5098 5163 5232 5271 5310 5351 5382 5400 5419 5434 5446
3045 3031 3032 3051 3077 3098 3118 3137 3154 3175 3194 3217 3235 3250 3275 3296 3316 3332 3349 3373 3396 3412 3429 3442 3456 3466 3475 3482 3487 3492 3493 3490 3492 3523 3561 3585 3604 3628 3649 3668 3684 3701 3712 3720 3737 3779 3812 3846 3883 3920 3958 3990 4028 4076 4121 4161 4203 4233 4271 4308 4346 4370 4389 4442 4504 4568 4653 4730 4785 4850 4904 4962 5033 5105 5166 5235 5272 5314 5354 5385 5406 5428 5448 5462
3011 3019 3040 3063 3085 3107 3127 3145 3165 3184 3208 3229 3246 3270 3290 3312 3333 3352 3376 3398 3416 3433 3449 3468 3479 3494 3506 3516 3525 3529 3531 3529 3526 3524 3550 3577 3593 3612 3631 3643 3652 3659 3685 3729 3768 3805 3839 3881 3921 3961 3997 4024 4053 4111 4155 4200 4239 4276 4318 4355 4384 4410 4438 4487 4555 4599 4652 4724 4778 4842 4897 4960 5032 5104 5164 5235 5271 5317 5354 5386 5409 5436 5458 5474
2996 3021 3045 3071 3091 3113 3134 3152 3173 3194 3218 3238 3261 3283 3305 3329 3349 3373 3397 3415 3432 3451 3472 3485 3508 3524 3541 3553 3563 3570 3574 3573 3568 3560 3553 3563 3580 3592 3600 3618 3644 3680 3712 3756 3794 3825 3871 3917 3957 4002 4028 4065 4101 4139 4190 4235 4275 4320 4359 4389 4421 4455 4493 4527 4604 4665 4712 4753 4805 4867 4919 4978 5025 5099 5157 5228 5269 5316 5351 5383 5408 5436 5460 5483
2976 3016 3048 3076 3096 3119 3139 3158 3180 3206 3226 3250 3273 3294 3320 3343 3368 3391 3409 3429 3448 3474 3493 3515 3535 3555 3571 3583 3596 3607 3614 3615 3614 3597 3595 3599 3600 3605 3623 3648 3681 3720 3745 3775 3810 3855 3901 3946 3995 4032 4071 4116 4152 4178 4218 4265 4314 4358 4393 4428 4461 4508 4547 4589 4646 4695 4752 4804 4855 4897 4946 5005 5061 5130 5196 5240 5271 5309 5345 5373 5406 5431 5459 5487
2967 2991 3051 3080 3102 3124 3142 3164 3189 3214 3236 3260 3282 3304 3333 3358 3385 3402 3423 3443 3471 3496 3519 3541 3563 3578 3596 3613 3630 3646 3654 3658 3660 3648 3640 3645 3645 3644 3661 3697 3717 3740 3775 3800 3831 3883 3935 3979 4032 4071 4115 4154 4186 4213 4247 4295 4343 4389 4429 4459 4507 4551 4595 4654 4695 4727 4780 4843 4905 4954 4992 5030 5083 5151 5217 5258 5299 5338 5368 5402 5434 5458 5482 5507
2948 2991 3055 3083 3105 3127 3145 3168 3197 3221 3246 3270 3291 3316 3346 3374 3395 3414 3436 3464 3493 3518 3542 3565 3582 3604 3624 3644 3661 3674 3688 3697 3702 3698 3704 3709 3711 3710 3709 3741 3763 3780 3816 3847 3869 3911 3960 4015 4057 4102 4152 4187 4217 4252 4290 4328 4376 4422 4456 4502 4543 4592 4644 4694 4732 4783 4827 4884 4947 4994 5036 5080 5128 5176 5226 5280 5323 5352 5377 5411 5443 5470 5493 5514
