Matlab/toolbox/map/mapdemos/MtWashington-ft.grd
ncols 345 
nrows 472 
xllcorner    310380.000000
yllcorner    4901880.000000
cellsize 30
nodata_value -32766
[rows 148 to 184 of 472, columns 168 to 251 of 345]
3742 3788 3824 3865 3906 3944 3972 3996 4017 4032 4040 4045 4037 4024 4009 3990 3972 3960 3940 3929 3934 3924 3910 3919 3925 3927 3924 3919 3942 3979 4001 4015 4010 3976 3938 3868 3755 3657 3564 3466 3398 3340 3266 3225 3180 3143 3123 3110 3102 3121 3146 3188 3220 3260 3336 3395 3470 3543 3624 3691 3751 3840 3920 3994 4058 4114 4159 4178 4183 4178 4157 4133 4080 4040 3983 3944 3903 3859 3816 3763 3722 3681 3642 3637
3779 3807 3834 3884 3927 3967 3998 4028 4057 4078 4087 4085 4073 4051 4024 4003 3993 3974 3954 3954 3959 3954 3943 3949 3956 3960 3958 3953 3978 4013 4036 4045 4045 4025 3974 3922 3844 3718 3613 3549 3468 3399 3332 3262 3213 3160 3145 3141 3128 3130 3159 3200 3237 3289 3366 3419 3498 3574 3663 3733 3803 3864 3923 3996 4070 4118 4168 4188 4198 4198 4176 4147 4106 4053 4004 3962 3919 3869 3826 3768 3728 3690 3648 3674
3814 3840 3863 3897 3938 3986 4023 4059 4096 4126 4135 4127 4105 4073 4045 4035 4020 3995 3980 3975 3980 3978 3973 3984 3995 3999 3999 3995 4015 4045 4066 4080 4083 4070 4027 3955 3878 3764 3677 3606 3544 3451 3370 3295 3237 3206 3190 3180 3156 3141 3169 3211 3257 3314 3375 3434 3506 3583 3675 3759 3838 3898 3964 4015 4075 4124 4173 4198 4211 4211 4197 4156 4128 4074 4030 3973 3932 3878 3837 3773 3730 3693 3660 3711
3851 3879 3908 3933 3953 4002 4050 4098 4139 4153 4158 4154 4135 4110 4093 4076 4051 4017 4007 3996 4004 4002 4001 4014 4025 4032 4033 4025 4039 4078 4098 4123 4139 4131 4085 3994 3918 3833 3719 3648 3580 3498 3400 3327 3280 3239 3219 3201 3176 3145 3175 3226 3271 3332 3379 3438 3509 3588 3678 3762 3846 3918 3977 4044 4089 4131 4178 4213 4225 4223 4209 4174 4139 4091 4042 3986 3945 3882 3839 3774 3730 3697 3688 3745
3881 3914 3944 3970 3999 4020 4072 4130 4161 4183 4189 4187 4172 4148 4132 4107 4082 4044 4036 4028 4035 4031 4032 4047 4062 4069 4070 4066 4078 4109 4141 4162 4175 4179 4140 4049 3943 3844 3720 3658 3592 3527 3449 3398 3348 3283 3237 3214 3193 3178 3185 3232 3279 3335 3377 3433 3508 3591 3671 3753 3838 3915 3973 4041 4106 4158 4185 4221 4246 4242 4220 4189 4147 4103 4053 3997 3956 3886 3835 3774 3727 3698 3724 3779
3913 3948 3975 4010 4040 4055 4097 4151 4194 4215 4233 4232 4221 4193 4163 4135 4103 4070 4068 4061 4068 4064 4066 4087 4098 4104 4107 4103 4112 4145 4173 4200 4217 4232 4203 4103 3965 3851 3726 3661 3622 3574 3526 3452 3398 3335 3248 3231 3219 3208 3204 3239 3281 3327 3369 3426 3501 3582 3653 3731 3811 3876 3954 4015 4102 4166 4205 4235 4262 4260 4232 4196 4155 4111 4064 4006 3959 3890 3821 3767 3721 3711 3752 3811
3937 3968 4000 4036 4074 4103 4127 4172 4220 4245 4259 4261 4250 4230 4195 4159 4113 4105 4104 4092 4098 4099 4100 4116 4131 4140 4144 4141 4148 4187 4216 4237 4249 4252 4240 4142 4016 3888 3821 3725 3667 3626 3561 3493 3425 3358 3287 3244 3234 3222 3252 3284 3308 3319 3354 3406 3478 3555 3623 3711 3796 3879 3963 4031 4115 4178 4222 4257 4273 4274 4248 4202 4163 4118 4073 4011 3954 3885 3837 3780 3729 3731 3782 3844
3954 3986 4020 4058 4099 4134 4164 4187 4235 4263 4284 4295 4274 4249 4222 4173 4154 4150 4146 4131 4138 4135 4139 4151 4160 4168 4172 4173 4195 4228 4247 4265 4275 4268 4254 4192 4047 3952 3867 3782 3708 3646 3576 3504 3460 3408 3333 3287 3247 3242 3298 3346 3365 3379 3374 3417 3487 3546 3626 3700 3787 3879 3962 4032 4117 4183 4233 4267 4282 4284 4261 4211 4169 4118 4075 4006 3956 3908 3849 3778 3753 3776 3820 3874
3966 4000 4035 4073 4114 4155 4188 4220 4244 4274 4300 4315 4295 4265 4237 4207 4200 4191 4177 4158 4163 4163 4169 4184 4193 4204 4209 4208 4234 4257 4281 4292 4294 4287 4264 4211 4095 3978 3896 3819 3719 3652 3615 3571 3523 3455 3367 3347 3299 3290 3346 3377 3404 3418 3423 3427 3505 3575 3633 3693 3768 3859 3942 4024 4114 4185 4240 4277 4294 4294 4276 4222 4173 4116 4071 4025 3974 3934 3851 3784 3820 3831 3843 3917
3971 4006 4043 4081 4125 4169 4205 4241 4266 4287 4304 4310 4296 4271 4247 4239 4233 4214 4197 4187 4193 4191 4202 4220 4237 4246 4250 4245 4266 4294 4309 4321 4322 4308 4276 4222 4105 3989 3899 3825 3755 3706 3662 3622 3567 3484 3418 3385 3366 3326 3360 3401 3431 3454 3466 3463 3512 3587 3663 3730 3811 3871 3918 4005 4096 4179 4241 4287 4312 4315 4290 4228 4178 4146 4105 4055 4000 3949 3851 3849 3876 3896 3902 3946
3976 4007 4043 4082 4129 4176 4216 4255 4285 4303 4311 4312 4300 4272 4265 4262 4256 4240 4218 4213 4226 4223 4230 4253 4270 4281 4287 4284 4309 4335 4347 4352 4349 4340 4293 4223 4109 4008 3965 3906 3829 3771 3709 3658 3587 3519 3481 3457 3427 3384 3398 3419 3456 3482 3503 3509 3518 3596 3677 3742 3828 3895 3951 3996 4076 4167 4237 4302 4337 4335 4312 4241 4201 4170 4135 4084 4035 3953 3871 3905 3935 3954 3957 3976
3990 4024 4055 4097 4138 4177 4224 4266 4297 4320 4335 4335 4318 4295 4293 4286 4274 4264 4248 4253 4262 4259 4267 4285 4301 4320 4332 4325 4351 4371 4383 4391 4388 4363 4330 4222 4122 4063 4022 3968 3894 3823 3740 3671 3620 3585 3551 3530 3494 3453 3443 3461 3473 3503 3526 3539 3542 3597 3672 3745 3830 3901 3962 4022 4080 4156 4229 4318 4364 4364 4323 4281 4236 4188 4155 4102 4042 3944 3901 3957 3986 4002 4004 4004
3996 4032 4065 4105 4145 4181 4227 4271 4306 4335 4353 4355 4340 4332 4324 4311 4302 4295 4292 4301 4303 4298 4304 4323 4350 4376 4384 4371 4393 4412 4425 4430 4426 4404 4343 4252 4215 4144 4077 4003 3936 3835 3760 3723 3685 3641 3619 3588 3552 3498 3485 3501 3507 3519 3545 3573 3586 3599 3660 3737 3828 3900 3960 4032 4113 4173 4230 4310 4366 4375 4356 4317 4261 4211 4168 4110 4037 3962 3965 4021 4035 4044 4050 4051
3994 4034 4069 4107 4145 4180 4224 4271 4311 4344 4370 4378 4369 4365 4352 4348 4336 4336 4347 4346 4344 4338 4350 4384 4407 4417 4418 4412 4430 4448 4460 4465 4458 4437 4372 4344 4281 4200 4103 4031 3961 3856 3828 3807 3755 3731 3695 3643 3596 3543 3520 3538 3556 3555 3576 3605 3620 3627 3643 3725 3819 3891 3954 4030 4123 4187 4254 4309 4366 4391 4377 4346 4291 4233 4178 4114 4055 3998 4040 4066 4087 4102 4110 4110
3986 4027 4064 4101 4140 4175 4215 4264 4310 4344 4377 4391 4408 4403 4387 4374 4369 4385 4393 4393 4391 4387 4415 4438 4449 4460 4458 4449 4474 4491 4503 4507 4502 4472 4429 4383 4315 4244 4171 4087 3989 3950 3931 3878 3833 3809 3772 3722 3648 3599 3571 3569 3586 3599 3605 3627 3647 3665 3664 3710 3795 3872 3940 4018 4115 4186 4258 4316 4394 4412 4402 4368 4312 4243 4183 4141 4089 4045 4090 4124 4142 4152 4159 4164
3969 4011 4050 4087 4129 4165 4203 4249 4296 4338 4376 4405 4433 4432 4423 4408 4427 4437 4440 4442 4444 4444 4465 4481 4491 4494 4492 4496 4517 4533 4540 4543 4541 4520 4487 4422 4382 4324 4232 4132 4050 4045 4022 3954 3935 3904 3846 3783 3707 3660 3632 3594 3606 3624 3643 3647 3670 3687 3701 3714 3769 3858 3933 4007 4094 4173 4252 4320 4410 4444 4430 4383 4327 4252 4220 4181 4125 4104 4145 4169 4186 4201 4217 4226
3947 3994 4033 4074 4118 4156 4192 4233 4279 4326 4369 4404 4441 4456 4450 4449 4463 4469 4477 4485 4484 4487 4506 4521 4531 4533 4526 4530 4546 4558 4569 4574 4571 4556 4528 4500 4434 4362 4278 4166 4143 4129 4093 4037 4019 3988 3927 3840 3759 3723 3681 3622 3621 3645 3671 3679 3681 3700 3720 3743 3784 3855 3929 3999 4065 4149 4229 4311 4409 4458 4454 4403 4331 4294 4270 4237 4163 4158 4192 4221 4241 4257 4269 4276
3955 4000 4038 4081 4130 4165 4203 4243 4295 4337 4380 4411 4441 4469 4482 4493 4501 4511 4517 4518 4519 4523 4542 4554 4562 4564 4561 4557 4573 4587 4598 4608 4606 4592 4571 4542 4487 4401 4311 4263 4246 4229 4160 4132 4091 4051 3982 3880 3824 3774 3713 3668 3656 3667 3687 3702 3701 3708 3727 3755 3810 3863 3922 3983 4036 4126 4193 4273 4349 4432 4476 4415 4380 4349 4316 4274 4217 4223 4248 4268 4282 4292 4306 4322
3960 4002 4044 4091 4137 4175 4212 4256 4305 4348 4391 4424 4454 4488 4504 4518 4530 4539 4546 4553 4557 4560 4577 4589 4595 4597 4594 4591 4604 4623 4634 4638 4634 4629 4617 4580 4533 4428 4385 4366 4339 4291 4242 4225 4178 4104 4026 3951 3876 3814 3737 3707 3689 3707 3703 3723 3731 3723 3731 3754 3808 3855 3905 3955 4019 4075 4148 4218 4323 4426 4477 4458 4431 4394 4366 4329 4260 4256 4278 4294 4309 4334 4352 4365
3961 4003 4048 4096 4144 4184 4221 4265 4310 4359 4401 4434 4478 4505 4526 4540 4553 4562 4574 4589 4599 4601 4615 4628 4632 4635 4634 4628 4641 4653 4660 4660 4657 4653 4643 4618 4550 4486 4461 4439 4400 4345 4314 4282 4239 4153 4064 4023 3948 3843 3799 3756 3718 3734 3732 3740 3751 3754 3748 3775 3810 3838 3877 3924 3991 4055 4133 4205 4303 4394 4463 4494 4476 4445 4405 4371 4322 4273 4294 4313 4350 4374 4390 4403
3961 4003 4050 4101 4148 4190 4229 4271 4316 4368 4409 4444 4493 4521 4542 4559 4574 4590 4619 4633 4639 4642 4647 4656 4661 4662 4662 4665 4678 4686 4687 4685 4683 4675 4662 4642 4585 4562 4548 4518 4463 4413 4389 4339 4278 4192 4148 4085 3996 3919 3854 3820 3761 3756 3763 3758 3767 3776 3774 3783 3825 3857 3897 3945 4022 4089 4160 4232 4318 4396 4473 4513 4510 4495 4446 4401 4350 4318 4309 4352 4387 4408 4432 4446
3960 4002 4050 4106 4151 4194 4236 4278 4321 4372 4416 4454 4506 4535 4556 4577 4605 4632 4644 4654 4662 4672 4681 4687 4694 4700 4704 4710 4712 4712 4710 4709 4705 4698 4681 4659 4638 4628 4606 4573 4535 4506 4453 4394 4316 4273 4221 4135 4053 4012 3939 3874 3824 3776 3787 3788 3788 3798 3799 3797 3830 3871 3912 3969 4038 4115 4182 4261 4342 4429 4507 4540 4546 4538 4506 4434 4381 4374 4352 4387 4430 4450 4471 4484
3957 3999 4051 4107 4152 4198 4242 4282 4327 4375 4422 4464 4517 4546 4571 4599 4631 4649 4664 4676 4687 4699 4714 4726 4732 4737 4740 4742 4742 4741 4739 4737 4735 4729 4710 4696 4685 4662 4649 4631 4595 4569 4529 4446 4384 4343 4275 4188 4139 4077 4016 3932 3866 3799 3809 3814 3811 3816 3814 3813 3830 3874 3919 3976 4048 4122 4199 4283 4365 4444 4520 4567 4576 4568 4548 4498 4419 4416 4397 4421 4461 4486 4503 4528
3949 3996 4051 4106 4151 4202 4248 4286 4332 4379 4429 4475 4526 4554 4584 4619 4644 4667 4682 4695 4710 4731 4740 4749 4759 4768 4771 4772 4775 4777 4778 4777 4771 4759 4743 4737 4732 4720 4697 4671 4650 4620 4571 4516 4455 4413 4347 4273 4204 4135 4054 3976 3895 3823 3829 3836 3832 3839 3840 3837 3846 3882 3919 3977 4053 4126 4209 4291 4375 4454 4523 4589 4611 4609 4582 4535 4481 4467 4439 4459 4496 4518 4546 4572
3939 3994 4048 4103 4153 4204 4250 4290 4337 4383 4431 4484 4531 4560 4593 4631 4659 4680 4695 4714 4734 4747 4762 4774 4783 4792 4798 4806 4814 4820 4822 4820 4808 4792 4782 4775 4766 4751 4738 4724 4694 4657 4614 4556 4535 4500 4419 4339 4261 4182 4077 3992 3914 3858 3860 3874 3863 3876 3879 3871 3880 3919 3962 4006 4056 4130 4211 4299 4379 4458 4523 4606 4640 4644 4628 4573 4551 4507 4472 4495 4527 4558 4587 4624
3929 3989 4044 4097 4153 4206 4252 4293 4341 4385 4433 4488 4535 4566 4600 4640 4670 4690 4707 4732 4748 4764 4779 4794 4808 4826 4836 4842 4848 4851 4850 4845 4840 4832 4820 4806 4795 4785 4770 4753 4735 4709 4650 4595 4581 4556 4505 4409 4293 4213 4108 4016 3973 3921 3905 3911 3896 3904 3909 3911 3910 3943 3998 4045 4099 4140 4204 4299 4376 4457 4522 4607 4659 4674 4654 4637 4610 4560 4530 4517 4558 4594 4632 4663
3916 3980 4037 4088 4150 4206 4253 4295 4343 4386 4436 4491 4536 4568 4603 4643 4677 4698 4723 4742 4762 4780 4798 4817 4835 4854 4870 4880 4888 4890 4887 4881 4873 4863 4853 4841 4828 4812 4798 4781 4761 4738 4701 4639 4625 4593 4541 4442 4324 4248 4144 4095 4037 3966 3946 3955 3941 3940 3958 3953 3960 3977 4019 4086 4136 4181 4234 4294 4364 4449 4516 4606 4665 4699 4696 4680 4641 4599 4589 4576 4589 4629 4669 4712
3898 3967 4032 4081 4147 4201 4252 4294 4344 4388 4438 4488 4534 4568 4607 4646 4681 4707 4732 4753 4775 4794 4815 4835 4858 4878 4898 4917 4930 4936 4935 4933 4925 4908 4895 4878 4863 4847 4829 4810 4788 4765 4733 4685 4665 4634 4575 4490 4413 4298 4226 4163 4097 4015 4003 4005 3992 3989 4002 3993 4005 4023 4049 4112 4185 4239 4277 4324 4397 4470 4529 4588 4666 4728 4738 4720 4677 4637 4638 4625 4610 4661 4719 4743
3879 3949 4019 4073 4142 4195 4249 4294 4346 4389 4437 4482 4531 4566 4612 4649 4683 4715 4739 4764 4785 4806 4829 4851 4875 4899 4924 4945 4960 4967 4968 4965 4958 4951 4941 4926 4908 4886 4861 4839 4816 4789 4762 4740 4709 4665 4607 4558 4474 4375 4291 4231 4140 4059 4063 4056 4034 4039 4047 4045 4062 4070 4116 4144 4219 4274 4324 4374 4422 4500 4575 4652 4709 4740 4764 4752 4712 4693 4692 4674 4650 4705 4742 4766
3858 3927 4003 4063 4138 4187 4244 4289 4343 4386 4436 4477 4526 4564 4611 4649 4686 4721 4744 4770 4793 4819 4840 4867 4891 4922 4947 4969 4986 4994 4999 5001 5000 4990 4977 4961 4940 4927 4905 4879 4847 4813 4788 4775 4754 4692 4654 4601 4513 4443 4363 4283 4187 4126 4123 4106 4098 4097 4091 4104 4125 4124 4174 4237 4264 4300 4372 4417 4482 4539 4599 4688 4749 4787 4794 4785 4748 4741 4735 4716 4683 4730 4757 4783
3833 3899 3968 4047 4128 4176 4238 4281 4339 4380 4432 4466 4516 4557 4606 4647 4685 4724 4749 4776 4799 4828 4851 4879 4906 4937 4964 4989 5009 5022 5030 5033 5033 5030 5025 5009 4987 4965 4939 4919 4889 4850 4830 4817 4781 4747 4700 4624 4566 4500 4428 4300 4239 4202 4190 4161 4141 4151 4136 4169 4192 4204 4247 4301 4338 4373 4420 4448 4521 4601 4652 4720 4793 4829 4828 4811 4777 4769 4759 4736 4724 4739 4764 4787
3799 3866 3935 4022 4103 4168 4225 4274 4326 4370 4418 4459 4502 4548 4594 4641 4680 4723 4753 4781 4807 4834 4862 4889 4923 4950 4977 5007 5025 5039 5048 5053 5055 5053 5049 5040 5030 5015 4982 4959 4928 4897 4876 4861 4836 4806 4748 4668 4618 4547 4463 4363 4292 4279 4272 4233 4216 4231 4229 4248 4262 4279 4301 4357 4400 4462 4511 4539 4563 4641 4728 4783 4826 4862 4862 4835 4801 4794 4780 4758 4759 4753 4763 4786
3741 3825 3897 4009 4098 4167 4227 4277 4327 4377 4426 4465 4507 4551 4599 4644 4682 4724 4757 4783 4814 4840 4869 4900 4931 4960 4990 5021 5036 5052 5065 5072 5076 5076 5075 5068 5058 5045 5030 5010 4974 4948 4922 4899 4880 4847 4793 4733 4669 4588 4509 4415 4370 4339 4329 4293 4291 4300 4302 4299 4325 4353 4363 4398 4459 4521 4581 4628 4666 4714 4778 4842 4867 4898 4898 4866 4831 4818 4798 4788 4786 4775 4777 4797
3714 3799 3881 3970 4069 4158 4224 4272 4323 4379 4429 4467 4514 4558 4610 4653 4692 4729 4760 4785 4818 4844 4872 4903 4937 4966 5000 5028 5045 5066 5082 5094 5106 5109 5108 5104 5095 5082 5064 5044 5028 5004 4972 4942 4908 4875 4835 4787 4723 4622 4526 4469 4444 4409 4409 4363 4362 4379 4382 4361 4387 4407 4427 4478 4519 4567 4623 4674 4732 4807 4844 4906 4932 4944 4924 4880 4865 4836 4819 4813 4806 4794 4782 4799
3680 3752 3848 3938 4040 4139 4208 4259 4314 4370 4422 4465 4513 4558 4616 4654 4691 4727 4758 4786 4819 4846 4874 4903 4937 4968 5005 5031 5055 5078 5098 5118 5129 5133 5135 5135 5131 5123 5105 5075 5056 5035 5011 4984 4945 4909 4871 4829 4759 4651 4603 4524 4530 4506 4506 4452 4441 4467 4468 4441 4452 4478 4520 4554 4607 4632 4656 4696 4775 4851 4918 4955 4982 4978 4941 4902 4881 4865 4853 4843 4831 4816 4800 4807
3672 3736 3810 3896 4007 4097 4180 4239 4294 4350 4408 4455 4509 4556 4615 4651 4685 4721 4755 4784 4818 4845 4873 4902 4933 4967 5003 5031 5058 5087 5115 5131 5145 5156 5162 5163 5159 5150 5134 5120 5085 5061 5036 5011 4982 4937 4889 4836 4795 4754 4677 4610 4624 4591 4589 4568 4531 4556 4558 4527 4550 4564 4607 4621 4690 4731 4737 4763 4833 4877 4953 5001 5023 5016 4977 4928 4902 4895 4884 4869 4854 4837 4815 4831
3680 3743 3813 3884 3977 4063 4140 4206 4264 4327 4381 4436 4491 4546 4602 4644 4676 4708 4748 4779 4810 4840 4869 4898 4927 4960 4996 5023 5056 5093 5122 5138 5157 5177 5188 5192 5190 5180 5164 5139 5122 5090 5062 5033 5003 4960 4917 4889 4861 4814 4726 4693 4699 4666 4672 4664 4626 4637 4648 4620 4643 4656 4692 4722 4745 4805 4826 4838 4880 4927 4960 5032 5053 5039 4993 4968 4950 4930 4907 4890 4873 4857 4825 4856
