Matlab/toolbox/map/mapdemos/MtWashington-ft.grd
ncols 345 
nrows 472 
xllcorner    310380.000000
yllcorner    4901880.000000
cellsize 30
nodata_value -32766
[rows 407 to 443 of 472, columns 252 to 335 of 345]
3685 3641 3602 3573 3547 3527 3511 3495 3481 3466 3457 3467 3478 3485 3489 3491 3491 3490 3486 3479 3472 3464 3454 3438 3412 3386 3365 3343 3328 3299 3275 3254 3226 3205 3183 3162 3140 3110 3077 3044 3022 3037 3039 3047 3069 3076 3062 3028 2989 2959 2930 2897 2860 2808 2778 2765 2748 2729 2713 2693 2677 2659 2623 2618 2590 2590 2593 2569 2547 2533 2511 2498 2483 2471 2457 2442 2419 2400 2413 2435 2455 2465 2469 -32766
3647 3613 3582 3555 3533 3513 3497 3484 3472 3452 3423 3437 3448 3456 3462 3465 3466 3464 3459 3455 3450 3443 3422 3402 3380 3360 3342 3327 3301 3278 3259 3237 3211 3189 3171 3150 3121 3091 3065 3031 2994 3006 3012 3022 3046 3052 3030 2999 2963 2926 2902 2875 2839 2799 2761 2739 2727 2711 2694 2680 2663 2635 2588 2568 2555 2567 2564 2540 2516 2500 2478 2472 2464 2454 2441 2422 2403 2378 2388 2405 2417 2426 2432 -32766
3611 3580 3553 3537 3521 3504 3492 3482 3471 3452 3417 3394 3410 3426 3433 3439 3440 3438 3434 3427 3418 3405 3385 3369 3354 3338 3323 3301 3279 3260 3245 3215 3193 3174 3157 3129 3103 3075 3054 3015 2979 2968 2988 3004 3012 3008 2989 2961 2928 2902 2867 2837 2809 2778 2744 2712 2699 2687 2676 2660 2637 2608 2570 2536 2535 2534 2517 2497 2482 2469 2455 2452 2447 2438 2424 2405 2381 2356 2366 2380 2389 2396 2398 -32766
3582 3556 3535 3519 3504 3495 3487 3478 3470 3454 3423 3388 3368 3381 3389 3395 3397 3399 3395 3387 3378 3369 3356 3344 3331 3314 3297 3279 3259 3245 3219 3194 3175 3159 3137 3110 3085 3062 3032 2997 2959 2938 2962 2976 2976 2966 2948 2921 2898 2870 2839 2808 2779 2754 2724 2686 2666 2661 2649 2631 2611 2584 2550 2514 2497 2492 2481 2468 2453 2446 2438 2437 2431 2421 2406 2385 2361 2337 2343 2359 2365 2368 2369 -32766
3573 3549 3530 3509 3495 3485 3480 3473 3467 3450 3422 3390 3349 3339 3352 3358 3361 3363 3360 3356 3349 3340 3330 3319 3302 3289 3272 3255 3238 3215 3194 3176 3160 3142 3115 3091 3069 3051 3010 2978 2943 2909 2924 2935 2932 2923 2907 2885 2862 2836 2812 2788 2761 2729 2691 2660 2637 2628 2621 2603 2584 2560 2525 2493 2460 2460 2456 2441 2430 2422 2421 2422 2414 2402 2385 2366 2340 2311 2317 2331 2337 2338 2336 -32766
3557 3537 3520 3502 3488 3480 3474 3468 3458 3438 3408 3381 3352 3313 3299 3308 3319 3323 3320 3318 3312 3303 3290 3281 3271 3258 3243 3226 3206 3190 3174 3160 3142 3117 3095 3074 3057 3021 2990 2960 2927 2897 2880 2889 2889 2882 2869 2848 2824 2807 2789 2770 2745 2718 2685 2655 2626 2592 2584 2575 2557 2530 2501 2477 2445 2432 2430 2417 2405 2398 2400 2399 2391 2381 2366 2338 2312 2279 2286 2301 2308 2308 2302 -32766
3539 3521 3503 3486 3479 3472 3468 3461 3446 3428 3407 3388 3364 3333 3287 3259 3265 3269 3268 3266 3265 3258 3249 3240 3233 3223 3210 3195 3183 3170 3156 3139 3117 3095 3076 3058 3028 2997 2968 2939 2911 2882 2855 2850 2855 2850 2836 2819 2795 2782 2767 2749 2728 2702 2678 2652 2618 2574 2552 2543 2526 2504 2485 2461 2425 2407 2405 2388 2371 2366 2372 2373 2367 2354 2331 2308 2283 2247 2265 2273 2277 2275 2264 -32766
3537 3518 3496 3476 3466 3464 3456 3444 3432 3417 3404 3387 3366 3337 3309 3260 3224 3225 3223 3221 3219 3216 3214 3209 3199 3190 3181 3171 3161 3150 3131 3113 3092 3075 3058 3030 3000 2972 2948 2918 2892 2867 2842 2817 2818 2818 2811 2795 2770 2759 2746 2730 2712 2688 2668 2639 2602 2564 2530 2517 2499 2486 2466 2435 2403 2374 2366 2360 2334 2324 2340 2338 2329 2316 2297 2279 2245 2212 2228 2237 2240 2240 2235 -32766
3528 3508 3490 3472 3455 3441 3435 3427 3415 3403 3391 3377 3358 3331 3311 3272 3231 3192 3167 3174 3178 3177 3175 3173 3169 3163 3156 3147 3134 3119 3103 3086 3072 3057 3030 3001 2973 2953 2924 2898 2873 2850 2823 2795 2789 2792 2785 2768 2747 2737 2727 2712 2697 2675 2657 2618 2591 2557 2517 2487 2477 2464 2441 2413 2387 2362 2330 2323 2304 2290 2296 2297 2292 2282 2266 2238 2205 2179 2191 2200 2200 2198 2193 -32766
3514 3495 3481 3469 3453 3426 3405 3398 3388 3379 3368 3356 3335 3318 3303 3269 3231 3203 3169 3137 3128 3138 3141 3140 3138 3132 3125 3116 3104 3091 3079 3067 3053 3023 2998 2973 2954 2926 2902 2879 2856 2831 2806 2781 2756 2762 2758 2745 2729 2717 2710 2697 2679 2661 2633 2599 2574 2542 2506 2465 2452 2440 2417 2391 2370 2339 2305 2281 2273 2258 2266 2263 2256 2244 2224 2201 2177 2146 2160 2166 2167 2163 2154 -32766
3508 3495 3484 3476 3464 3448 3427 3388 3370 3357 3341 3321 3308 3296 3279 3248 3219 3198 3169 3140 3115 3092 3099 3105 3106 3103 3095 3087 3078 3069 3058 3036 3011 2991 2969 2953 2923 2901 2881 2859 2836 2813 2791 2769 2735 2736 2733 2725 2715 2701 2690 2678 2662 2638 2608 2575 2552 2526 2496 2463 2432 2408 2382 2365 2345 2322 2290 2256 2241 2224 2226 2225 2217 2207 2193 2176 2145 2113 2122 2139 2142 2133 2118 -32766
3512 3505 3497 3489 3477 3463 3448 3422 3396 3374 3353 3331 3294 3270 3246 3223 3195 3177 3149 3123 3103 3076 3056 3068 3070 3069 3064 3057 3049 3030 3015 2996 2978 2962 2941 2918 2898 2879 2860 2837 2815 2796 2776 2754 2718 2707 2711 2707 2700 2685 2666 2657 2640 2615 2594 2564 2531 2505 2482 2455 2426 2391 2354 2337 2324 2295 2268 2247 2218 2203 2201 2198 2193 2185 2166 2145 2119 2084 2089 2100 2101 2098 2090 -32766
3530 3522 3510 3499 3487 3472 3457 3436 3404 3387 3360 3338 3312 3283 3257 3229 3198 3182 3156 3123 3090 3060 3029 3022 3025 3024 3021 3016 3003 2989 2977 2964 2953 2928 2908 2892 2874 2857 2835 2817 2797 2779 2762 2731 2703 2673 2685 2686 2678 2667 2650 2632 2616 2600 2584 2558 2524 2488 2460 2436 2412 2383 2350 2316 2286 2266 2250 2232 2208 2175 2173 2172 2166 2154 2138 2120 2094 2065 2070 2075 2076 2072 2064 -32766
3546 3535 3524 3507 3494 3479 3462 3443 3407 3383 3349 3330 3307 3285 3263 3239 3218 3195 3169 3133 3099 3067 3046 3018 2985 2981 2980 2973 2966 2959 2949 2927 2910 2895 2880 2866 2851 2830 2814 2795 2780 2764 2743 2712 2690 2658 2649 2657 2657 2648 2633 2612 2597 2584 2569 2543 2517 2486 2452 2419 2392 2367 2334 2308 2276 2244 2229 2213 2191 2159 2143 2140 2135 2125 2115 2098 2075 2056 2056 2059 2059 2058 2054 -32766
3559 3547 3533 3516 3499 3485 3465 3441 3406 3381 3370 3350 3325 3305 3281 3257 3231 3203 3172 3137 3115 3094 3068 3051 3015 2972 2949 2940 2932 2918 2897 2886 2877 2867 2857 2842 2823 2808 2791 2777 2764 2747 2714 2695 2672 2651 2616 2622 2626 2618 2610 2600 2583 2564 2548 2528 2504 2476 2444 2414 2386 2349 2313 2287 2267 2238 2207 2185 2161 2147 2127 2115 2113 2108 2095 2078 2062 2044 2045 2047 2047 2046 2043 -32766
3571 3555 3540 3521 3503 3486 3466 3436 3422 3425 3405 3379 3352 3319 3290 3264 3233 3207 3187 3164 3142 3115 3092 3069 3050 3011 2971 2938 2908 2874 2860 2853 2850 2842 2829 2812 2797 2782 2770 2760 2741 2707 2685 2669 2655 2630 2599 2582 2587 2591 2590 2580 2568 2551 2529 2504 2484 2457 2429 2402 2377 2343 2307 2270 2247 2227 2201 2160 2142 2127 2113 2096 2091 2084 2076 2065 2051 2044 2039 2038 2038 2036 2032 -32766
3583 3560 3543 3523 3504 3484 3463 3447 3456 3449 3423 3389 3361 3326 3291 3267 3244 3222 3209 3191 3169 3143 3114 3090 3068 3045 3006 2970 2937 2900 2850 2826 2819 2810 2797 2784 2771 2760 2746 2721 2683 2664 2650 2636 2621 2603 2579 2559 2557 2562 2561 2554 2542 2529 2514 2495 2479 2457 2429 2405 2384 2354 2317 2277 2235 2206 2176 2149 2127 2111 2100 2083 2066 2066 2062 2053 2045 2038 2032 2032 2030 2029 2025 -32766
3586 3563 3543 3523 3501 3481 3478 3479 3472 3454 3440 3407 3364 3332 3311 3286 3260 3250 3229 3213 3194 3169 3142 3110 3088 3066 3038 3001 2966 2935 2894 2841 2791 2781 2767 2752 2730 2706 2682 2668 2644 2622 2610 2596 2581 2566 2548 2532 2519 2525 2528 2526 2520 2509 2497 2484 2467 2440 2419 2401 2384 2358 2316 2275 2236 2203 2169 2144 2126 2105 2081 2067 2065 2059 2051 2046 2040 2032 2025 2026 2024 2022 2017 -32766
3589 3565 3543 3522 3504 3509 3507 3493 3479 3471 3461 3446 3408 3366 3334 3300 3280 3267 3254 3234 3214 3195 3168 3139 3108 3086 3062 3029 2995 2962 2933 2890 2843 2776 2752 2734 2724 2711 2696 2681 2669 2657 2636 2616 2589 2567 2547 2531 2515 2497 2500 2501 2495 2486 2477 2463 2435 2419 2407 2394 2378 2354 2318 2278 2245 2215 2181 2151 2129 2103 2070 2069 2062 2056 2048 2044 2037 2030 2025 2022 2020 2018 -32766 -32766
3588 3565 3540 3528 3538 3529 3512 3502 3499 3492 3482 3464 3436 3400 3360 3324 3309 3293 3273 3258 3238 3216 3195 3167 3135 3107 3081 3055 3022 2989 2959 2927 2885 2845 2799 2770 2752 2734 2723 2710 2697 2682 2668 2652 2630 2605 2582 2556 2533 2492 2471 2467 2464 2456 2438 2423 2412 2404 2394 2383 2369 2342 2316 2282 2248 2216 2185 2154 2134 2113 2088 2065 2062 2056 2050 2045 2038 2030 2025 2020 2018 2016 -32766 -32766
3585 3560 3552 3562 3559 3536 3523 3522 3519 3514 3506 3487 3455 3421 3383 3364 3343 3322 3302 3284 3263 3243 3216 3194 3165 3131 3104 3075 3044 3016 2983 2952 2921 2883 2848 2815 2784 2763 2747 2734 2720 2707 2691 2674 2660 2639 2614 2592 2565 2531 2482 2455 2434 2416 2403 2394 2389 2385 2379 2369 2351 2327 2304 2276 2246 2211 2183 2154 2136 2118 2097 2073 2063 2058 2052 2047 2040 2033 2027 2019 2015 2012 -32766 -32766
3582 3585 3587 3583 3568 3553 3554 3553 3548 3542 3531 3518 3486 3438 3412 3404 3387 3365 3334 3309 3291 3265 3242 3213 3192 3161 3126 3097 3066 3034 3010 2976 2945 2915 2880 2849 2821 2795 2773 2754 2741 2728 2712 2698 2677 2663 2642 2617 2595 2568 2528 2489 2459 2429 2402 2377 2357 2355 2350 2339 2320 2306 2283 2265 2235 2200 2172 2152 2136 2119 2101 2083 2066 2060 2054 2049 2042 2035 2028 2020 2014 2011 -32766 -32766
3604 3604 3599 3590 3583 3590 3591 3588 3583 3573 3561 3550 3527 3472 3461 3451 3435 3414 3382 3346 3319 3296 3267 3241 3211 3188 3156 3120 3088 3054 3027 3000 2970 2938 2908 2878 2849 2826 2803 2782 2761 2747 2733 2714 2700 2679 2662 2637 2617 2591 2560 2520 2485 2455 2421 2389 2359 2332 2303 2293 2286 2278 2267 2247 2216 2185 2160 2149 2134 2119 2102 2087 2070 2062 2056 2050 2044 2036 2029 2020 2014 2010 -32766 -32766
3624 3615 3607 3614 3631 3640 3642 3634 3623 3610 3595 3576 3556 3522 3515 3504 3483 3458 3430 3396 3354 3322 3299 3267 3237 3209 3180 3148 3112 3075 3043 3019 2991 2960 2931 2901 2874 2848 2827 2806 2786 2767 2749 2732 2712 2698 2675 2657 2630 2607 2583 2545 2507 2475 2441 2405 2375 2351 2324 2286 2258 2253 2244 2225 2192 2163 2152 2143 2130 2116 2101 2088 2073 2063 2057 2051 2045 2036 2028 2019 2013 2010 -32766 -32766
3636 3620 3630 3652 3667 3675 3677 3675 3663 3651 3633 3606 3584 3563 3570 3552 3530 3503 3475 3437 3400 3360 3327 3300 3265 3234 3205 3172 3135 3096 3062 3031 3012 2983 2951 2925 2897 2870 2846 2825 2804 2785 2764 2747 2727 2709 2692 2669 2642 2619 2593 2565 2524 2490 2460 2422 2390 2365 2340 2307 2266 2234 2221 2183 2163 2155 2147 2134 2122 2110 2098 2087 2073 2064 2057 2052 2045 2036 2027 2019 2013 2010 -32766 -32766
3642 3647 3666 3688 3703 3710 3711 3706 3696 3681 3661 3644 3611 3608 3612 3600 3573 3544 3505 3469 3436 3398 3359 3326 3298 3262 3227 3195 3158 3118 3080 3047 3023 3000 2971 2942 2917 2890 2865 2841 2819 2799 2778 2758 2741 2721 2703 2681 2655 2628 2599 2578 2539 2499 2471 2437 2401 2376 2347 2319 2283 2238 2202 2171 2157 2148 2142 2132 2120 2106 2093 2082 2072 2063 2056 2051 2044 2034 2025 2017 2013 2010 -32766 -32766
3671 3680 3702 3727 3742 3749 3749 3744 3730 3710 3690 3669 3642 3639 3646 3633 3603 3576 3543 3496 3458 3426 3390 3354 3319 3288 3254 3212 3178 3137 3097 3063 3034 3014 2988 2957 2929 2906 2881 2856 2832 2809 2790 2768 2750 2732 2711 2690 2663 2634 2606 2583 2542 2505 2477 2447 2409 2382 2353 2325 2293 2250 2215 2183 2156 2141 2135 2129 2119 2108 2092 2080 2067 2060 2053 2048 2040 2030 2024 2016 2013 2010 -32766 -32766
3705 3716 3742 3762 3772 3775 3774 3766 3754 3739 3711 3689 3666 3664 3663 3652 3623 3588 3559 3515 3473 3444 3410 3373 3344 3307 3273 3233 3193 3152 3110 3078 3044 3021 2998 2968 2939 2917 2893 2867 2842 2817 2798 2776 2756 2738 2718 2697 2669 2639 2610 2586 2543 2507 2477 2451 2415 2383 2357 2329 2296 2256 2221 2188 2159 2139 2129 2123 2116 2108 2094 2080 2069 2059 2048 2042 2035 2027 2021 2018 2013 2012 -32766 -32766
3752 3758 3779 3795 3803 3803 3798 3791 3775 3755 3734 3701 3681 3672 3666 3655 3633 3590 3550 3510 3477 3448 3418 3386 3357 3321 3287 3251 3203 3164 3120 3090 3054 3028 3002 2974 2945 2922 2899 2874 2850 2824 2803 2781 2762 2743 2722 2699 2671 2640 2611 2586 2542 2507 2477 2451 2416 2384 2359 2329 2296 2257 2225 2192 2162 2136 2122 2118 2112 2106 2093 2080 2069 2057 2046 2038 2029 2024 2020 2018 2015 2014 -32766 -32766
3801 3810 3839 3847 3847 3842 3828 3813 3794 3769 3746 3716 3690 3674 3661 3648 3622 3579 3534 3486 3464 3443 3419 3389 3362 3328 3297 3260 3211 3169 3126 3094 3060 3030 3003 2976 2946 2922 2899 2875 2853 2825 2805 2783 2764 2744 2722 2699 2669 2637 2609 2584 2539 2504 2474 2447 2416 2384 2362 2329 2295 2257 2227 2193 2163 2135 2120 2110 2108 2101 2090 2079 2067 2056 2045 2036 2027 2023 2022 2019 2017 2017 -32766 -32766
3854 3865 3877 3881 3877 3868 3855 3834 3810 3781 3754 3725 3699 3669 3647 3619 3589 3554 3521 3480 3444 3428 3409 3386 3362 3331 3303 3263 3217 3168 3128 3092 3061 3027 3000 2972 2941 2918 2895 2872 2848 2823 2804 2782 2764 2743 2714 2690 2664 2630 2603 2576 2534 2496 2467 2441 2413 2384 2362 2327 2293 2257 2228 2192 2162 2134 2116 2102 2098 2093 2085 2074 2064 2054 2044 2035 2026 2023 2022 2020 2020 2023 -32766 -32766
3912 3920 3921 3917 3904 3890 3875 3852 3826 3797 3761 3731 3704 3673 3647 3612 3579 3544 3497 3460 3426 3405 3396 3378 3355 3328 3297 3262 3213 3162 3119 3084 3054 3013 2987 2958 2930 2906 2883 2860 2836 2816 2801 2780 2762 2737 2699 2673 2655 2617 2594 2563 2518 2480 2456 2433 2408 2382 2361 2324 2291 2255 2226 2189 2159 2130 2113 2093 2084 2084 2077 2069 2061 2052 2042 2032 2026 2022 2023 2024 2024 2027 -32766 -32766
3960 3963 3958 3949 3933 3916 3891 3868 3840 3805 3768 3734 3708 3676 3649 3618 3585 3553 3504 3466 3429 3399 3381 3364 3341 3309 3288 3255 3203 3150 3105 3065 3023 2982 2949 2927 2897 2875 2855 2835 2817 2805 2793 2775 2758 2721 2675 2661 2630 2604 2574 2541 2492 2458 2441 2424 2401 2381 2355 2322 2289 2253 2221 2185 2154 2125 2109 2081 2069 2072 2070 2064 2056 2049 2039 2029 2025 2024 2023 2024 2028 2031 -32766 -32766
3996 3994 3987 3974 3954 3933 3907 3883 3850 3813 3775 3736 3710 3680 3650 3619 3588 3557 3511 3473 3439 3402 3376 3343 3308 3293 3273 3241 3180 3136 3104 3068 3025 2983 2940 2888 2860 2840 2825 2811 2795 2791 2782 2768 2748 2706 2663 2634 2606 2580 2554 2516 2472 2440 2427 2412 2395 2376 2347 2319 2287 2249 2217 2182 2149 2121 2098 2066 2062 2065 2063 2058 2052 2045 2035 2027 2023 2023 2023 2024 2028 2038 -32766 -32766
4035 4029 4019 4000 3978 3949 3922 3893 3856 3819 3779 3740 3710 3679 3650 3616 3586 3555 3510 3475 3441 3406 3381 3351 3308 3279 3248 3218 3180 3145 3111 3073 3028 2984 2945 2905 2865 2834 2802 2786 2778 2773 2768 2756 2728 2697 2658 2602 2579 2560 2526 2496 2456 2420 2412 2402 2389 2371 2340 2314 2284 2245 2214 2177 2143 2114 2082 2062 2058 2055 2054 2052 2048 2040 2031 2026 2023 2023 2023 2024 2030 2040 -32766 -32766
4067 4060 4047 4029 4000 3965 3935 3902 3867 3824 3780 3741 3708 3676 3646 3608 3578 3549 3507 3472 3438 3406 3381 3351 3313 3280 3252 3219 3183 3145 3111 3073 3022 2977 2940 2905 2869 2838 2806 2778 2758 2755 2750 2730 2709 2677 2652 2599 2552 2521 2504 2474 2438 2404 2400 2392 2382 2363 2335 2307 2279 2242 2209 2172 2135 2102 2067 2060 2054 2048 2046 2045 2041 2035 2028 2024 2023 2024 2024 2026 2032 2041 -32766 -32766
4099 4087 4072 4050 4023 3984 3946 3912 3874 3828 3780 3744 3705 3663 3635 3595 3567 3541 3499 3465 3433 3404 3378 3348 3311 3280 3251 3215 3177 3142 3103 3063 3010 2967 2930 2899 2864 2833 2799 2777 2749 2716 2718 2707 2689 2664 2638 2600 2546 2498 2477 2456 2420 2383 2386 2382 2371 2352 2328 2301 2273 2238 2201 2167 2125 2091 2062 2054 2049 2044 2041 2039 2035 2030 2025 2023 2023 2025 2025 2027 2037 2044 -32766 -32766
