Matlab/toolbox/map/mapdemos/MtWashington-ft.grd
ncols 345 
nrows 472 
xllcorner    310380.000000
yllcorner    4901880.000000
cellsize 30
nodata_value -32766
[rows 37 to 73 of 472, columns 168 to 251 of 345]
1328 1330 1331 1333 1335 1337 1339 1341 1351 1363 1372 1379 1383 1388 1394 1401 1416 1429 1442 1456 1460 1463 1464 1462 1460 1467 1475 1481 1485 1488 1489 1489 1487 1483 1483 1488 1488 1485 1480 1481 1479 1472 1472 1474 1473 1468 1469 1476 1481 1486 1489 1491 1491 1488 1481 1475 1476 1485 1491 1494 1496 1497 1496 1489 1487 1494 1497 1496 1494 1500 1502 1500 1504 1508 1507 1504 1499 1492 1479 1475 1481 1488 1492 1494
1334 1337 1338 1337 1344 1353 1357 1359 1372 1383 1388 1393 1397 1405 1417 1433 1450 1463 1469 1474 1479 1481 1482 1480 1476 1484 1491 1496 1502 1504 1505 1504 1501 1495 1499 1502 1502 1497 1496 1496 1493 1484 1483 1486 1484 1478 1483 1491 1496 1501 1503 1504 1503 1499 1491 1490 1491 1499 1504 1507 1508 1509 1506 1499 1500 1508 1510 1510 1508 1512 1516 1514 1517 1520 1519 1516 1509 1502 1491 1491 1499 1503 1505 1506
1345 1352 1356 1355 1365 1376 1380 1380 1388 1395 1412 1427 1431 1432 1444 1461 1471 1480 1488 1494 1496 1499 1499 1497 1494 1503 1511 1517 1521 1523 1523 1521 1517 1513 1517 1518 1516 1511 1510 1510 1505 1496 1496 1499 1494 1494 1500 1505 1510 1515 1517 1517 1514 1507 1503 1504 1504 1512 1517 1519 1520 1520 1516 1512 1517 1521 1523 1522 1520 1522 1526 1528 1533 1534 1531 1526 1519 1508 1495 1504 1513 1517 1519 1518
1370 1379 1381 1379 1383 1389 1393 1398 1421 1437 1452 1461 1467 1466 1466 1476 1489 1498 1506 1511 1514 1517 1517 1515 1512 1521 1529 1535 1539 1540 1539 1536 1531 1529 1531 1531 1528 1525 1524 1523 1517 1509 1507 1509 1505 1507 1514 1519 1524 1528 1529 1527 1523 1518 1520 1519 1516 1523 1527 1530 1530 1530 1526 1523 1527 1532 1534 1534 1533 1532 1538 1543 1548 1548 1544 1537 1527 1515 1514 1524 1530 1533 1534 1533
1395 1401 1403 1402 1395 1416 1427 1431 1445 1467 1481 1487 1490 1492 1490 1497 1509 1518 1525 1530 1535 1536 1536 1536 1531 1535 1543 1549 1553 1556 1556 1553 1545 1543 1545 1544 1541 1537 1538 1534 1528 1519 1519 1520 1515 1520 1527 1533 1537 1540 1540 1537 1533 1536 1536 1532 1532 1536 1539 1542 1543 1542 1538 1533 1540 1545 1548 1548 1547 1546 1551 1559 1561 1561 1558 1550 1534 1532 1540 1545 1548 1549 1550 1549
1413 1412 1416 1423 1437 1449 1456 1461 1472 1487 1496 1505 1512 1516 1516 1517 1528 1538 1544 1548 1552 1552 1550 1547 1544 1548 1556 1563 1567 1569 1569 1566 1559 1559 1560 1559 1553 1551 1551 1544 1540 1534 1531 1531 1529 1532 1538 1545 1550 1552 1551 1547 1548 1551 1551 1546 1546 1552 1556 1558 1558 1557 1552 1550 1556 1560 1564 1564 1562 1559 1563 1571 1573 1573 1570 1561 1550 1556 1562 1564 1566 1567 1568 1566
1432 1440 1450 1453 1468 1482 1489 1490 1492 1506 1519 1526 1530 1533 1533 1534 1547 1556 1561 1567 1569 1568 1565 1559 1556 1559 1568 1577 1581 1583 1582 1579 1578 1579 1578 1574 1567 1565 1563 1555 1555 1547 1543 1542 1536 1540 1549 1557 1562 1564 1562 1557 1563 1567 1566 1561 1562 1568 1572 1574 1573 1570 1565 1563 1571 1577 1580 1579 1576 1573 1576 1585 1587 1585 1580 1570 1569 1575 1581 1584 1585 1586 1586 1585
1463 1471 1475 1479 1500 1512 1516 1519 1521 1532 1540 1545 1551 1555 1556 1557 1567 1575 1580 1583 1585 1583 1580 1572 1576 1579 1582 1590 1595 1596 1594 1596 1596 1594 1590 1586 1582 1581 1575 1573 1570 1559 1558 1557 1552 1550 1558 1569 1577 1578 1575 1572 1580 1584 1582 1575 1577 1585 1590 1592 1590 1586 1579 1575 1587 1594 1597 1596 1593 1589 1593 1600 1602 1597 1588 1580 1587 1595 1601 1604 1606 1606 1606 1605
1494 1505 1513 1519 1530 1538 1543 1546 1549 1555 1561 1568 1573 1575 1575 1572 1581 1590 1595 1597 1599 1598 1593 1590 1595 1595 1594 1605 1612 1614 1611 1611 1611 1609 1604 1600 1600 1596 1588 1586 1581 1572 1571 1570 1563 1556 1568 1582 1591 1596 1590 1588 1597 1600 1598 1591 1593 1601 1607 1610 1610 1606 1597 1593 1604 1610 1613 1613 1610 1606 1609 1616 1617 1609 1596 1604 1615 1619 1624 1626 1627 1626 1626 1624
1524 1537 1544 1548 1556 1562 1568 1572 1575 1580 1584 1587 1588 1588 1588 1589 1594 1602 1608 1611 1613 1613 1609 1607 1615 1616 1614 1620 1627 1628 1628 1629 1629 1626 1621 1615 1613 1607 1600 1598 1592 1587 1585 1582 1576 1570 1578 1596 1609 1613 1608 1601 1611 1615 1615 1609 1609 1617 1624 1629 1632 1631 1626 1614 1619 1625 1630 1634 1632 1624 1626 1634 1631 1624 1623 1632 1639 1643 1645 1646 1646 1646 1645 1643
1552 1562 1568 1573 1578 1586 1591 1593 1596 1600 1603 1605 1606 1606 1606 1606 1608 1611 1620 1626 1630 1629 1625 1625 1630 1633 1633 1636 1642 1645 1645 1646 1645 1642 1638 1634 1628 1619 1616 1612 1605 1603 1602 1594 1583 1575 1593 1613 1625 1630 1625 1617 1625 1630 1634 1629 1626 1635 1641 1646 1649 1649 1646 1638 1631 1640 1647 1651 1651 1644 1644 1651 1647 1639 1647 1656 1663 1668 1670 1672 1672 1671 1670 1666
1577 1585 1591 1597 1602 1607 1610 1613 1615 1618 1621 1622 1624 1625 1626 1626 1627 1627 1631 1640 1643 1642 1638 1642 1648 1650 1650 1650 1656 1661 1663 1662 1659 1656 1651 1646 1639 1631 1626 1622 1621 1622 1620 1614 1595 1590 1608 1630 1640 1644 1641 1633 1640 1646 1647 1644 1642 1650 1657 1662 1664 1665 1663 1657 1649 1657 1663 1667 1667 1662 1660 1665 1662 1657 1670 1679 1685 1689 1691 1692 1693 1693 1691 1688
1600 1606 1611 1616 1620 1624 1626 1628 1631 1633 1636 1638 1641 1643 1645 1645 1645 1645 1645 1653 1656 1653 1656 1662 1666 1668 1669 1667 1669 1677 1681 1679 1674 1667 1661 1653 1647 1641 1635 1638 1640 1638 1635 1629 1615 1597 1630 1647 1655 1657 1654 1649 1656 1661 1661 1655 1653 1663 1673 1678 1680 1681 1680 1675 1667 1670 1679 1684 1685 1680 1674 1681 1680 1677 1688 1696 1703 1708 1711 1714 1716 1716 1714 1708
1619 1625 1630 1634 1638 1641 1644 1647 1651 1655 1657 1660 1662 1664 1665 1664 1663 1662 1660 1666 1669 1668 1671 1679 1684 1688 1688 1686 1684 1691 1695 1695 1686 1673 1668 1663 1659 1653 1651 1658 1663 1664 1660 1650 1627 1612 1647 1660 1666 1667 1663 1662 1670 1677 1678 1670 1668 1678 1689 1695 1699 1700 1699 1695 1681 1683 1695 1701 1703 1699 1691 1698 1698 1694 1706 1714 1721 1726 1729 1732 1734 1734 1733 1728
1639 1644 1648 1652 1656 1660 1665 1668 1672 1675 1678 1681 1683 1683 1684 1684 1683 1680 1673 1681 1688 1686 1686 1694 1701 1705 1706 1703 1698 1703 1705 1701 1692 1685 1679 1679 1677 1670 1665 1676 1683 1685 1680 1667 1641 1632 1661 1674 1679 1679 1673 1672 1688 1697 1695 1684 1681 1696 1705 1712 1716 1717 1716 1712 1703 1700 1711 1718 1720 1716 1710 1717 1717 1714 1725 1734 1740 1745 1750 1753 1754 1754 1753 1748
1658 1663 1668 1671 1676 1680 1684 1687 1690 1692 1696 1699 1701 1703 1705 1706 1705 1701 1693 1704 1713 1709 1701 1711 1717 1720 1720 1715 1713 1716 1715 1710 1707 1702 1699 1699 1696 1688 1686 1698 1702 1701 1695 1680 1651 1641 1674 1690 1698 1699 1689 1689 1706 1714 1711 1698 1697 1715 1723 1730 1734 1736 1736 1733 1726 1719 1728 1734 1738 1737 1728 1735 1736 1733 1744 1753 1760 1766 1772 1775 1777 1778 1776 1773
1679 1684 1689 1693 1696 1700 1703 1707 1710 1714 1717 1719 1721 1722 1721 1721 1720 1718 1713 1725 1727 1724 1718 1728 1734 1734 1730 1726 1727 1729 1729 1725 1722 1717 1716 1716 1714 1706 1705 1712 1715 1713 1702 1685 1654 1652 1685 1702 1713 1716 1706 1708 1725 1732 1731 1716 1720 1734 1741 1746 1750 1752 1752 1751 1747 1737 1740 1748 1753 1754 1748 1754 1753 1750 1760 1770 1779 1786 1791 1793 1795 1795 1794 1789
1700 1706 1710 1715 1719 1722 1725 1729 1732 1733 1734 1735 1735 1736 1734 1728 1730 1734 1740 1745 1745 1739 1736 1745 1749 1747 1741 1737 1741 1743 1744 1743 1741 1737 1734 1732 1725 1720 1721 1727 1727 1719 1705 1688 1672 1655 1691 1714 1728 1734 1726 1735 1743 1747 1746 1736 1740 1750 1756 1759 1762 1764 1765 1765 1764 1759 1755 1764 1770 1771 1767 1768 1767 1765 1772 1786 1796 1802 1805 1808 1810 1810 1809 1806
1725 1730 1734 1737 1740 1742 1744 1746 1747 1748 1748 1748 1747 1745 1740 1741 1749 1756 1761 1761 1758 1752 1756 1761 1762 1759 1751 1752 1755 1757 1758 1759 1758 1755 1749 1743 1733 1735 1742 1742 1736 1725 1716 1707 1686 1669 1702 1731 1741 1745 1746 1753 1758 1761 1760 1753 1757 1763 1768 1772 1776 1779 1780 1782 1781 1779 1776 1782 1786 1786 1783 1781 1778 1772 1790 1804 1812 1817 1822 1826 1828 1830 1830 1828
1744 1747 1750 1752 1755 1758 1760 1761 1762 1762 1761 1760 1759 1756 1757 1764 1772 1776 1778 1772 1767 1767 1773 1775 1775 1770 1765 1766 1769 1771 1771 1772 1771 1770 1765 1756 1752 1757 1759 1755 1744 1737 1733 1724 1707 1676 1716 1744 1755 1756 1760 1769 1774 1775 1772 1767 1769 1778 1785 1791 1796 1799 1801 1802 1802 1801 1799 1801 1804 1803 1797 1795 1790 1790 1807 1819 1827 1834 1840 1845 1850 1853 1853 1849
1761 1765 1768 1772 1774 1777 1779 1780 1780 1779 1777 1775 1772 1771 1777 1783 1787 1791 1791 1784 1780 1776 1784 1788 1787 1782 1778 1781 1784 1785 1785 1785 1784 1782 1779 1775 1770 1772 1771 1764 1753 1750 1747 1740 1724 1694 1733 1761 1770 1769 1775 1784 1790 1793 1792 1782 1788 1798 1804 1808 1813 1817 1819 1821 1821 1820 1819 1820 1821 1819 1813 1809 1802 1803 1820 1832 1843 1852 1859 1865 1870 1874 1874 1871
1784 1789 1793 1796 1798 1799 1801 1802 1802 1801 1800 1798 1795 1792 1796 1799 1803 1804 1803 1797 1798 1794 1795 1800 1799 1795 1796 1798 1800 1800 1799 1798 1796 1793 1790 1787 1785 1785 1782 1773 1765 1764 1762 1758 1747 1719 1751 1776 1779 1783 1788 1797 1806 1810 1809 1803 1806 1816 1821 1826 1831 1835 1837 1838 1839 1838 1839 1840 1838 1835 1828 1824 1818 1814 1833 1848 1861 1872 1881 1890 1895 1898 1899 1894
1809 1811 1813 1815 1817 1819 1821 1823 1823 1823 1823 1821 1820 1817 1817 1819 1822 1821 1818 1812 1813 1811 1809 1813 1813 1811 1812 1813 1814 1814 1814 1812 1811 1810 1807 1801 1799 1799 1794 1782 1775 1777 1777 1772 1764 1748 1768 1785 1792 1793 1801 1813 1820 1825 1827 1823 1827 1836 1843 1848 1853 1856 1858 1860 1861 1861 1861 1860 1858 1854 1846 1841 1837 1832 1851 1869 1883 1893 1902 1907 1914 1920 1922 1920
1833 1836 1839 1842 1845 1846 1847 1847 1849 1850 1850 1849 1849 1847 1844 1843 1844 1842 1838 1829 1831 1828 1825 1827 1829 1829 1830 1831 1831 1831 1831 1831 1829 1828 1826 1823 1820 1817 1810 1795 1788 1792 1790 1786 1779 1765 1773 1794 1805 1810 1816 1827 1836 1843 1847 1844 1849 1860 1869 1875 1879 1883 1885 1887 1888 1887 1884 1880 1876 1868 1861 1857 1851 1850 1873 1892 1905 1914 1923 1931 1940 1947 1950 1949
1861 1864 1868 1870 1873 1875 1877 1879 1880 1880 1879 1878 1877 1876 1872 1868 1865 1860 1854 1846 1846 1843 1841 1843 1847 1849 1850 1851 1851 1849 1849 1849 1848 1847 1845 1843 1840 1836 1828 1813 1804 1804 1803 1799 1793 1778 1779 1806 1819 1827 1832 1846 1856 1863 1867 1867 1875 1884 1890 1898 1903 1906 1908 1909 1908 1908 1906 1902 1895 1884 1874 1871 1864 1872 1898 1914 1926 1938 1949 1958 1965 1971 1977 1980
1891 1895 1898 1900 1902 1904 1906 1907 1909 1907 1906 1905 1903 1900 1896 1892 1886 1878 1867 1862 1861 1857 1856 1861 1866 1870 1872 1873 1875 1876 1877 1876 1875 1873 1869 1863 1858 1852 1844 1833 1820 1819 1817 1813 1806 1795 1793 1820 1834 1845 1850 1862 1876 1889 1893 1889 1893 1906 1913 1918 1922 1924 1925 1926 1928 1928 1927 1923 1914 1905 1897 1886 1870 1897 1920 1937 1953 1964 1976 1985 1995 2004 2012 2014
1918 1921 1924 1927 1929 1933 1935 1935 1935 1935 1935 1933 1930 1925 1919 1914 1908 1899 1886 1879 1880 1871 1875 1883 1889 1892 1893 1894 1897 1899 1899 1898 1896 1893 1889 1883 1877 1869 1859 1846 1834 1835 1832 1827 1820 1809 1811 1835 1850 1862 1869 1882 1902 1911 1915 1914 1914 1925 1932 1939 1944 1948 1950 1952 1952 1951 1949 1943 1936 1931 1920 1905 1888 1918 1944 1962 1977 1996 2006 2020 2031 2040 2043 2043
1946 1950 1953 1956 1957 1959 1960 1961 1962 1961 1960 1958 1955 1951 1945 1937 1928 1917 1905 1904 1903 1899 1905 1912 1915 1918 1920 1922 1923 1922 1921 1919 1915 1911 1907 1902 1895 1887 1876 1859 1851 1850 1847 1842 1833 1821 1830 1848 1866 1884 1897 1906 1921 1931 1938 1938 1941 1953 1961 1967 1971 1973 1975 1975 1974 1970 1967 1963 1958 1949 1933 1909 1905 1936 1965 1987 2017 2035 2054 2065 2071 2076 2077 2074
1967 1971 1974 1977 1980 1982 1984 1986 1985 1983 1981 1979 1976 1972 1967 1960 1950 1937 1925 1929 1926 1924 1932 1939 1943 1947 1948 1948 1947 1945 1942 1937 1933 1928 1923 1918 1913 1906 1896 1875 1870 1871 1867 1858 1846 1829 1842 1860 1883 1902 1914 1925 1940 1952 1961 1966 1966 1976 1984 1990 1995 1997 1998 1998 1997 1996 1993 1987 1973 1957 1929 1922 1942 1967 1986 2022 2053 2072 2087 2096 2102 2106 2108 2106
1995 2000 2004 2007 2010 2012 2014 2013 2011 2009 2005 2000 1996 1992 1987 1981 1973 1960 1947 1954 1951 1950 1959 1965 1969 1970 1971 1970 1969 1968 1964 1959 1953 1947 1940 1931 1925 1919 1910 1896 1895 1893 1885 1874 1858 1847 1863 1880 1897 1919 1936 1948 1964 1976 1983 1985 1984 1995 2005 2013 2019 2022 2022 2020 2018 2016 2012 2005 1990 1959 1928 1956 1980 1999 2017 2047 2077 2101 2116 2126 2134 2139 2143 2143
2029 2033 2036 2039 2041 2042 2042 2041 2038 2034 2029 2025 2021 2016 2010 2002 1992 1979 1967 1973 1970 1973 1978 1983 1985 1986 1986 1986 1986 1984 1982 1978 1974 1968 1960 1952 1942 1932 1923 1915 1914 1908 1900 1886 1870 1863 1887 1909 1920 1934 1952 1973 1983 1992 2004 2011 2006 2012 2026 2035 2040 2042 2042 2040 2038 2036 2030 2021 1996 1958 1951 1981 2006 2026 2046 2072 2098 2127 2142 2159 2172 2179 2181 2183
2060 2066 2072 2075 2077 2076 2072 2068 2064 2060 2056 2051 2045 2038 2030 2023 2014 1999 1988 1994 1994 1991 1992 1997 1999 2001 2002 2001 2000 1999 1997 1994 1991 1985 1978 1970 1960 1949 1941 1940 1938 1931 1918 1900 1878 1884 1914 1935 1952 1960 1967 1988 2000 2010 2027 2035 2033 2036 2046 2057 2065 2068 2069 2068 2064 2058 2049 2038 2005 1965 1967 1999 2018 2036 2061 2089 2127 2155 2177 2196 2207 2213 2220 2224
2101 2104 2107 2109 2108 2108 2107 2104 2100 2095 2087 2077 2069 2060 2052 2045 2033 2021 2018 2020 2018 2013 2008 2011 2015 2017 2019 2019 2017 2016 2013 2010 2006 2002 1996 1988 1976 1964 1962 1964 1962 1955 1941 1920 1889 1909 1929 1958 1979 1989 1986 2000 2019 2033 2045 2053 2056 2060 2077 2091 2096 2098 2098 2095 2090 2081 2071 2052 2023 1977 1976 2008 2025 2040 2063 2102 2146 2177 2199 2215 2225 2249 2264 2268
2129 2133 2137 2139 2140 2142 2143 2139 2135 2127 2121 2114 2103 2087 2073 2061 2050 2043 2043 2041 2040 2037 2030 2029 2033 2035 2036 2037 2037 2036 2034 2031 2025 2020 2014 2007 1997 1984 1984 1989 1990 1983 1966 1944 1917 1911 1944 1981 1999 2010 2010 2018 2040 2054 2066 2075 2081 2093 2109 2119 2124 2124 2124 2121 2117 2106 2093 2076 2047 2009 1986 2010 2026 2040 2061 2103 2151 2186 2206 2221 2246 2268 2281 2293
2163 2167 2170 2173 2175 2176 2176 2173 2168 2164 2156 2147 2137 2127 2109 2081 2064 2066 2069 2069 2064 2058 2050 2045 2048 2051 2053 2055 2055 2055 2053 2050 2046 2040 2032 2024 2015 2007 2011 2011 2008 2001 1990 1962 1939 1923 1963 1999 2020 2034 2038 2038 2058 2079 2093 2102 2111 2127 2138 2143 2146 2152 2158 2158 2153 2142 2124 2103 2077 2044 2005 2007 2023 2037 2056 2093 2133 2178 2199 2217 2241 2268 2285 2304
2192 2197 2201 2205 2209 2212 2215 2216 2213 2205 2192 2180 2165 2148 2132 2106 2087 2093 2095 2093 2087 2081 2072 2063 2061 2066 2072 2078 2080 2080 2077 2073 2068 2063 2056 2045 2034 2030 2036 2038 2033 2018 2003 1981 1955 1929 1981 2018 2041 2054 2061 2062 2083 2100 2115 2132 2146 2162 2170 2179 2187 2191 2192 2188 2182 2176 2166 2147 2113 2083 2052 2027 2023 2029 2044 2068 2109 2144 2175 2192 2215 2244 2268 2288
2216 2224 2231 2237 2247 2251 2254 2254 2251 2242 2230 2216 2200 2175 2150 2125 2112 2120 2122 2122 2119 2112 2100 2086 2079 2093 2099 2101 2102 2102 2100 2098 2094 2087 2078 2069 2055 2052 2060 2064 2054 2038 2018 1996 1962 1948 2002 2037 2056 2071 2084 2090 2103 2123 2141 2162 2177 2189 2199 2209 2214 2218 2218 2215 2209 2202 2189 2178 2159 2130 2101 2075 2053 2044 2041 2041 2072 2104 2127 2154 2172 2186 2206 2236
