%   F14DEF
%   F-14 demo constant definitions

%   Copyright 1990-2002 The MathWorks, Inc.
%   $Revision: 1.14 $

% Define system constants:
Ta = 0.05; Zd = -63.9979;
Swg = 3; Md = -6.8847;
a = 2.5348; Uo = 689.4;
b = 64.13; Zw = -0.6385;
Vto = 690.4; Mq = -0.6571;
Sa = 5.236e-3; Mw = -5.92e-3;
Wa = 10;
%
% Define controller gains:
W1 = 2.971; Kq = 0.8156;
W2 = 4.144; Ka = 0.6770;
Ts = 0.1; Kf = -1.746;
Tal = 0.3959; Ki = -3.864;
