% Numerical data for F-14 demo

%   Copyright 1990-2002 The MathWorks, Inc.
%   $Revision: 1.16 $

g = 32.2;
Uo = 689.4000;
Vto = 690.4000;
% Stability derivatives
Mw = -0.00592;
Mq = -0.6571;
Md = -6.8847;
Zd = -63.9979;
Zw = -0.6385;
% Gains
cmdgain = 3.490954472728077e-02;
Ka = 0.6770;
Kq = 0.8156;
Kf = -1.7460;
Ki = -3.8640;
% Other constants
a = 2.5348;
Gamma = 0.0100;
b = 64.1300;
Beta = 426.4352;
Sa = 0.005236;
Swg = 3;
Ta = 0.0500;
Tal = 0.3959;
Ts = 0.1000;
W1 = 2.9710;
W2 = 4.1440;
Wa = 10;





