# Created by Octave 2.9.5, Wed May 24 10:33:36 2006     <sim@TL3124>
# name: mData
# type: matrix
# rows: 89
# columns: 13
 306 286 2 0 12 61 2 0 3 28 4 0 2
 368 188 1 0 6 49 0 0 3 37 0 0 1
 511 73 0 0 40 21 0 0 16 22 0 0 1
 418 43 0 0 34 30 1 0 9 27 5 0 1
 299 173 1 0 8 63 1 0 1 37 3 0 1
 312 253 0 0 2 63 2 0 0 35 3 0 1
 492 98 0 0 7 23 0 0 13 36 0 0 2
 506 64 0 0 32 23 0 0 13 29 0 0 3
 476 41 0 0 32 5 0 0 19 26 0 0 3
 483 66 0 0 17 16 0 0 10 28 2 0 3
 429 44 0 0 37 19 0 0 23 19 0 0 1
 521 137 0 0 16 17 0 0 7 24 0 0 2
 340 163 1 0 16 72 3 0 3 31 1 0 1
 323 177 0 0 8 68 4 0 0 37 2 0 1
 344 240 2 0 4 43 1 0 4 39 6 0 2
 459 22 0 0 46 14 0 0 27 17 0 0 1
 487 36 0 0 34 10 0 0 19 27 0 0 3
 331 169 0 0 19 66 1 0 0 34 1 0 1
 541 269 1 0 12 5 0 0 6 20 0 0 3
 475 23 0 0 37 5 0 0 26 14 0 0 3
 475 186 1 0 15 28 0 0 5 35 0 0 2
 496 319 0 0 2 4 0 0 2 14 0 0 3
 525 41 0 0 38 9 0 0 37 18 0 0 3
 484 37 0 0 50 13 0 0 29 18 0 0 2
 511 55 0 0 32 15 0 0 23 21 0 0 2
 515 44 0 0 29 16 0 0 19 31 0 0 2
 478 101 0 0 15 34 0 0 11 40 0 0 2
 429 433 3 0 8 11 0 0 5 15 0 0 3
 471 8 0 0 58 2 0 0 25 13 0 0 1
 303 269 3 0 10 66 2 0 1 32 7 0 2
 445 74 0 0 19 30 0 0 4 43 0 0 1
 488 83 0 0 34 18 0 0 15 34 0 0 3
 264 298 4 0 7 68 10 0 1 30 7 0 2
 489 44 0 0 21 12 0 0 29 21 0 0 1
 475 34 0 0 38 13 0 0 28 18 0 0 3
 492 14 0 0 44 4 0 0 40 7 0 0 1
 454 173 1 0 14 21 0 0 2 42 0 0 2
 306 285 5 0 5 68 3 0 1 33 1 0 2
 508 64 0 0 31 14 0 0 17 33 0 0 2
 477 61 0 0 36 13 0 0 22 15 0 0 2
 349 224 1 0 3 66 3 0 2 41 1 0 1
 447 189 0 0 11 34 0 0 5 45 0 0 2
 496 34 0 0 49 6 0 0 31 11 0 0 3
 484 222 0 0 16 12 0 0 9 24 0 0 2
 412 50 0 0 25 47 0 0 11 29 0 0 1
 316 184 0 0 13 65 3 0 5 34 3 0 1
 345 163 1 0 17 57 2 0 2 32 1 0 1
 285 273 2 0 7 50 13 0 1 28 10 0 1
 317 179 0 0 11 64 0 0 4 35 0 0 1
 500 68 0 0 23 15 0 0 18 30 0 0 1
 495 34 0 0 39 4 0 0 21 21 0 0 3
 387 294 1 0 10 37 0 0 4 30 5 0 2
 258 236 2 0 2 72 7 0 0 26 8 0 1
 423 25 0 0 26 16 0 0 16 29 0 0 3
 501 32 0 0 40 11 0 0 24 20 0 0 3
 459 37 0 0 46 4 0 0 32 16 0 0 3
 511 48 0 0 35 7 0 0 27 15 0 0 2
 295 271 3 0 6 71 5 0 3 29 4 0 1
 502 34 0 0 25 9 0 0 23 11 0 0 3
 458 36 0 0 12 7 0 0 24 19 0 0 2
 470 273 1 0 9 17 0 0 2 32 0 0 3
 477 30 0 0 24 14 0 0 18 26 0 0 3
 406 77 1 0 15 24 2 0 6 37 1 0 1
 291 251 2 0 8 53 2 0 0 43 2 0 1
 407 51 0 0 28 47 0 0 5 35 0 0 1
 390 47 0 0 17 45 1 0 3 33 2 0 1
 347 123 1 0 7 52 7 0 4 38 3 0 1
 300 175 0 0 8 71 2 0 0 35 0 0 1
 473 59 0 0 44 15 0 0 22 23 0 0 1
 487 35 0 0 34 12 0 0 29 24 0 0 3
 532 57 0 0 19 6 0 0 28 15 0 0 2
 286 207 1 0 5 74 2 0 1 38 4 0 1
 405 199 0 0 13 37 0 0 6 45 0 0 2
 337 177 0 0 11 47 1 0 4 39 3 0 1
 527 20 0 0 32 6 0 0 23 16 0 0 1
 326 218 1 0 4 71 2 0 1 33 1 0 1
 486 14 0 0 41 4 0 0 40 8 0 0 1
 420 43 0 0 26 30 9 0 9 24 4 0 1
 286 293 3 0 7 83 9 0 1 22 5 0 1
 395 59 0 0 30 33 0 0 4 36 0 0 1
 506 24 0 0 34 12 0 0 26 17 0 0 3
 396 217 0 0 16 43 2 0 6 30 0 0 2
 457 15 0 0 44 1 0 0 30 13 0 0 1
 472 139 0 0 16 25 0 0 11 38 0 0 2
 493 21 0 0 33 16 0 0 22 19 0 0 3
 311 236 0 0 6 66 4 0 2 24 9 0 1
 490 23 0 0 34 6 0 0 30 14 0 0 1
 485 29 0 0 33 7 0 0 14 20 0 0 3
 481 43 0 0 38 11 0 0 21 24 0 0 2
